0 482.519
0.1 49886.8
0.2 49886.8
0.3 49886.8
0.4 49886.8
0.5 49886.8
0.6 49886.8
0.7 49886.8
0.8 49886.8
0.9 49886.8
1 49886.8
1.1 49886.8
1.2 49886.8
1.3 49886.8
1.4 49886.8
1.5 49886.8
1.6 49886.8
1.7 49886.8
1.8 49886.8
1.9 49886.8
2 49886.8
2.1 49886.8
2.2 49886.8
2.3 49886.8
2.4 49886.8
2.5 49886.8
2.6 49886.8
2.7 49886.8
2.8 49886.8
2.9 49886.8
3 49886.8
3.1 49886.8
3.2 49886.8
3.3 49886.8
3.4 49886.8
3.5 49886.8
3.6 49886.8
3.7 49886.8
3.8 49886.8
3.9 49886.8
4 49886.8
4.1 49886.8
4.2 49886.8
4.3 49886.8
4.4 49886.8
4.5 49886.8
4.6 49886.8
4.7 49886.8
4.8 49886.8
4.9 49886.8
5 49886.8
5.1 49886.8
5.2 49886.8
5.3 49886.8
5.4 49886.8
5.5 49886.8
5.6 49886.8
5.7 49886.8
5.8 49886.8
5.9 49886.8
6 49886.8
6.1 49886.8
6.2 49886.8
6.3 49886.8
6.4 49886.8
6.5 49886.8
6.6 49886.8
6.7 49886.8
6.8 49886.8
6.9 49886.8
7 49886.8
7.1 49886.8
7.2 49886.8
7.3 49886.8
7.4 49886.8
7.5 49886.8
7.6 49886.8
7.7 49886.8
7.8 49886.8
7.9 49886.8
8 49886.8
8.1 49886.8
8.2 49886.8
8.3 49886.8
8.4 49886.8
8.5 49886.8
8.6 49886.8
8.7 49886.8
8.8 49886.8
8.9 49886.8
9 49886.8
9.1 49886.8
9.2 49886.8
9.3 49886.8
9.4 49886.8
9.5 49886.8
9.6 49886.8
9.7 49886.8
9.8 49886.8
9.9 49886.8
