0 2370.61
0.1 249434
0.2 249434
0.3 249434
0.4 249434
0.5 249434
0.6 249434
0.7 249434
0.8 249434
0.9 249434
1 249434
1.1 249434
1.2 249434
1.3 249434
1.4 249434
1.5 249434
1.6 249434
1.7 249434
1.8 249434
1.9 249434
2 249434
2.1 249434
2.2 249434
2.3 249434
2.4 249434
2.5 249434
2.6 249434
2.7 249434
2.8 249434
2.9 249434
3 249434
3.1 249434
3.2 249434
3.3 249434
3.4 249434
3.5 249434
3.6 249434
3.7 249434
3.8 249434
3.9 249434
4 249434
4.1 249434
4.2 249434
4.3 249434
4.4 249434
4.5 249434
4.6 249434
4.7 249434
4.8 249434
4.9 249434
5 249434
5.1 249434
5.2 249434
5.3 249434
5.4 249434
5.5 249434
5.6 249434
5.7 249434
5.8 249434
5.9 249434
6 249434
6.1 249434
6.2 249434
6.3 249434
6.4 249434
6.5 249434
6.6 249434
6.7 249434
6.8 249434
6.9 249434
7 249434
7.1 249434
7.2 249434
7.3 249434
7.4 249434
7.5 249434
7.6 249434
7.7 249434
7.8 249434
7.9 249434
8 249434
8.1 249434
8.2 249434
8.3 249434
8.4 249434
8.5 249434
8.6 249434
8.7 249434
8.8 249434
8.9 249434
9 249434
9.1 249434
9.2 249434
9.3 249434
9.4 249434
9.5 249434
9.6 249434
9.7 249434
9.8 249434
9.9 249434
