0 2402.94
0.1 374151
0.2 374151
0.3 374151
0.4 374151
0.5 374151
0.6 374151
0.7 374151
0.8 374151
0.9 374151
1 374151
1.1 374151
1.2 374151
1.3 374151
1.4 374151
1.5 374151
1.6 374151
1.7 374151
1.8 374151
1.9 374151
2 374151
2.1 374151
2.2 374151
2.3 374151
2.4 374151
2.5 374151
2.6 374151
2.7 374151
2.8 374151
2.9 374151
3 374151
3.1 374151
3.2 374151
3.3 374151
3.4 374151
3.5 374151
3.6 374151
3.7 374151
3.8 374151
3.9 374151
4 374151
4.1 374151
4.2 374151
4.3 374151
4.4 374151
4.5 374151
4.6 374151
4.7 374151
4.8 374151
4.9 374151
5 374151
5.1 374151
5.2 374151
5.3 374151
5.4 374151
5.5 374151
5.6 374151
5.7 374151
5.8 374151
5.9 374151
6 374151
6.1 374151
6.2 374151
6.3 374151
6.4 374151
6.5 374151
6.6 374151
6.7 374151
6.8 374151
6.9 374151
7 374151
7.1 374151
7.2 374151
7.3 374151
7.4 374151
7.5 374151
7.6 374151
7.7 374151
7.8 374151
7.9 374151
8 374151
8.1 374151
8.2 374151
8.3 374151
8.4 374151
8.5 374151
8.6 374151
8.7 374151
8.8 374151
8.9 374151
9 374151
9.1 374151
9.2 374151
9.3 374151
9.4 374151
9.5 374151
9.6 374151
9.7 374151
9.8 374151
9.9 374151
