0 0 1 10 10 10 5 2 1
0.1 0 1 10.5 10.2 10.1 5 2 1
0.2 0 1 11 10.4 10.2 5 2 1
0.3 0 1 11.5 10.6 10.3 5 2 1
0.4 0 1 12 10.8 10.4 5 2 1
0.5 0 1 12.5 11 10.5 5 2 1
0.6 0 1 13 11.2 10.6 5 2 1
0.7 0 1 13.5 11.4 10.7 5 2 1
0.8 0 1 14 11.6 10.8 5 2 1
0.9 0 1 14.5 11.8 10.9 5 2 1
1 0 1 15 12 11 5 2 1
1.1 0 1 15.5 12.2 11.1 5 2 1
1.2 0 1 16 12.4 11.2 5 2 1
1.3 0 1 16.5 12.6 11.3 5 2 1
1.4 0 1 17 12.8 11.4 5 2 1
1.5 0 1 17.5 13 11.5 5 2 1
1.6 0 1 18 13.2 11.6 5 2 1
1.7 0 1 18.5 13.4 11.7 5 2 1
1.8 0 1 19 13.6 11.8 5 2 1
1.9 0 1 19.5 13.8 11.9 5 2 1
2 0 1 20 14 12 -5 2 1
2.1 0 1 19.5 14.2 12.1 -5 2 1
2.2 0 1 19 14.4 12.2 -5 2 1
2.3 0 1 18.5 14.6 12.3 -5 2 1
2.4 0 1 18 14.8 12.4 -5 2 1
2.5 0 1 17.5 15 12.5 -5 2 1
2.6 0 1 17 15.2 12.6 -5 2 1
2.7 0 1 16.5 15.4 12.7 -5 2 1
2.8 0 1 16 15.6 12.8 -5 2 1
2.9 0 1 15.5 15.8 12.9 -5 2 1
3 0 1 15 16 13 -5 2 1
3.1 0 1 14.5 16.2 13.1 -5 2 1
3.2 0 1 14 16.4 13.2 -5 2 1
3.3 0 1 13.5 16.6 13.3 -5 2 1
3.4 0 1 13 16.8 13.4 -5 2 1
3.5 0 1 12.5 17 13.5 -5 2 1
3.6 0 1 12 17.2 13.6 -5 2 1
3.7 0 1 11.5 17.4 13.7 -5 2 1
3.8 0 1 11 17.6 13.8 -5 2 1
3.9 0 1 10.5 17.8 13.9 -5 2 1
4 0 1 10 18 14 -5 2 1
4.1 0 1 9.5 18.2 14.1 -5 2 1
4.2 0 1 9 18.4 14.2 -5 2 1
4.3 0 1 8.5 18.6 14.3 -5 2 1
4.4 0 1 8 18.8 14.4 -5 2 1
4.5 0 1 7.5 19 14.5 -5 2 1
4.6 0 1 7 19.2 14.6 -5 2 1
4.7 0 1 6.5 19.4 14.7 -5 2 1
4.8 0 1 6 19.6 14.8 -5 2 1
4.9 0 1 5.5 19.8 14.9 -5 2 1
5 0 1 5 20 15 -5 2 1
5.1 0 1 4.5 19.8 15.1 -5 -2 1
5.2 0 1 4 19.6 15.2 -5 -2 1
5.3 0 1 3.5 19.4 15.3 -5 -2 1
5.4 0 1 3 19.2 15.4 -5 -2 1
5.5 0 1 2.5 19 15.5 -5 -2 1
5.6 0 1 2 18.8 15.6 -5 -2 1
5.7 0 1 1.5 18.6 15.7 -5 -2 1
5.8 0 1 1 18.4 15.8 -5 -2 1
5.9 0 1 0.5 18.2 15.9 -5 -2 1
6 0 1 4.47685e-13 18 16 5 -2 1
6.1 0 1 0.5 17.8 16.1 5 -2 1
6.2 0 1 1 17.6 16.2 5 -2 1
6.3 0 1 1.5 17.4 16.3 5 -2 1
6.4 0 1 2 17.2 16.4 5 -2 1
6.5 0 1 2.5 17 16.5 5 -2 1
6.6 0 1 3 16.8 16.6 5 -2 1
6.7 0 1 3.5 16.6 16.7 5 -2 1
6.8 0 1 4 16.4 16.8 5 -2 1
6.9 0 1 4.5 16.2 16.9 5 -2 1
7 0 1 5 16 17 5 -2 1
7.1 0 1 5.5 15.8 17.1 5 -2 1
7.2 0 1 6 15.6 17.2 5 -2 1
7.3 0 1 6.5 15.4 17.3 5 -2 1
7.4 0 1 7 15.2 17.4 5 -2 1
7.5 0 1 7.5 15 17.5 5 -2 1
7.6 0 1 8 14.8 17.6 5 -2 1
7.7 0 1 8.5 14.6 17.7 5 -2 1
7.8 0 1 9 14.4 17.8 5 -2 1
7.9 0 1 9.5 14.2 17.9 5 -2 1
8 0 1 10 14 18 5 -2 1
8.1 0 1 10.5 13.8 18.1 5 -2 1
8.2 0 1 11 13.6 18.2 5 -2 1
8.3 0 1 11.5 13.4 18.3 5 -2 1
8.4 0 1 12 13.2 18.4 5 -2 1
8.5 0 1 12.5 13 18.5 5 -2 1
8.6 0 1 13 12.8 18.6 5 -2 1
8.7 0 1 13.5 12.6 18.7 5 -2 1
8.8 0 1 14 12.4 18.8 5 -2 1
8.9 0 1 14.5 12.2 18.9 5 -2 1
9 0 1 15 12 19 5 -2 1
9.1 0 1 15.5 11.8 19.1 5 -2 1
9.2 0 1 16 11.6 19.2 5 -2 1
9.3 0 1 16.5 11.4 19.3 5 -2 1
9.4 0 1 17 11.2 19.4 5 -2 1
9.5 0 1 17.5 11 19.5 5 -2 1
9.6 0 1 18 10.8 19.6 5 -2 1
9.7 0 1 18.5 10.6 19.7 5 -2 1
9.8 0 1 19 10.4 19.8 5 -2 1
9.9 0 1 19.5 10.2 19.9 5 -2 1
