0 15
0.1 15
0.2 15
0.3 15
0.4 15
0.5 15
0.6 15
0.7 15
0.8 15
0.9 15
1 15
1.1 15
1.2 15
1.3 15
1.4 15
1.5 15
1.6 15
1.7 15
1.8 15
1.9 15
2 15
2.1 15
2.2 15
2.3 15
2.4 15
2.5 15
2.6 15
2.7 15
2.8 15
2.9 15
3 15
3.1 15
3.2 15
3.3 15
3.4 15
3.5 15
3.6 15
3.7 15
3.8 15
3.9 15
4 15
4.1 15
4.2 15
4.3 15
4.4 15
4.5 15
4.6 15
4.7 15
4.8 15
4.9 15
5 15
5.1 15
5.2 15
5.3 15
5.4 15
5.5 15
5.6 15
5.7 15
5.8 15
5.9 15
6 15
6.1 15
6.2 15
6.3 15
6.4 15
6.5 15
6.6 15
6.7 15
6.8 15
6.9 15
7 15
7.1 15
7.2 15
7.3 15
7.4 15
7.5 15
7.6 15
7.7 15
7.8 15
7.9 15
8 15
8.1 15
8.2 15
8.3 15
8.4 15
8.5 15
8.6 15
8.7 15
8.8 15
8.9 15
9 15
9.1 15
9.2 15
9.3 15
9.4 15
9.5 15
9.6 15
9.7 15
9.8 15
9.9 15
10 15
10.1 15
10.2 15
10.3 15
10.4 15
10.5 15
10.6 15
10.7 15
10.8 15
10.9 15
11 15
11.1 15
11.2 15
11.3 15
11.4 15
11.5 15
11.6 15
11.7 15
11.8 15
11.9 15
12 15
12.1 15
12.2 15
12.3 15
12.4 15
12.5 15
12.6 15
12.7 15
12.8 15
12.9 15
13 15
13.1 15
13.2 15
13.3 15
13.4 15
13.5 15
13.6 15
13.7 15
13.8 15
13.9 15
14 15
14.1 15
14.2 15
14.3 15
14.4 15
14.5 15
14.6 15
14.7 15
14.8 15
14.9 15
15 15
15.1 15
15.2 15
15.3 15
15.4 15
15.5 15
15.6 15
15.7 15
15.8 15
15.9 15
16 15
16.1 15
16.2 15
16.3 15
16.4 15
16.5 15
16.6 15
16.7 15
16.8 15
16.9 15
17 15
17.1 15
17.2 15
17.3 15
17.4 15
17.5 15
17.6 15
17.7 15
17.8 15
17.9 15
18 15
18.1 15
18.2 15
18.3 15
18.4 15
18.5 15
18.6 15
18.7 15
18.8 15
18.9 15
19 15
19.1 15
19.2 15
19.3 15
19.4 15
19.5 15
19.6 15
19.7 15
19.8 15
19.9 15
20 15
20.1 15
20.2 15
20.3 15
20.4 15
20.5 15
20.6 15
20.7 15
20.8 15
20.9 15
21 15
21.1 15
21.2 15
21.3 15
21.4 15
21.5 15
21.6 15
21.7 15
21.8 15
21.9 15
22 15
22.1 15
22.2 15
22.3 15
22.4 15
22.5 15
22.6 15
22.7 15
22.8 15
22.9 15
23 15
23.1 15
23.2 15
23.3 15
23.4 15
23.5 15
23.6 15
23.7 15
23.8 15
23.9 15
24 15
24.1 15
24.2 15
24.3 15
24.4 15
24.5 15
24.6 15
24.7 15
24.8 15
24.9 15
25 15
25.1 15
25.2 15
25.3 15
25.4 15
25.5 15
25.6 15
25.7 15
25.8 15
25.9 15
26 15
26.1 15
26.2 15
26.3 15
26.4 15
26.5 15
26.6 15
26.7 15
26.8 15
26.9 15
27 15
27.1 15
27.2 15
27.3 15
27.4 15
27.5 15
27.6 15
27.7 15
27.8 15
27.9 15
28 15
28.1 15
28.2 15
28.3 15
28.4 15
28.5 15
28.6 15
28.7 15
28.8 15
28.9 15
29 15
29.1 15
29.2 15
29.3 15
29.4 15
29.5 15
29.6 15
29.7 15
29.8 15
29.9 15
30 15
30.1 15
30.2 15
30.3 15
30.4 15
30.5 15
30.6 15
30.7 15
30.8 15
30.9 15
31 15
31.1 15
31.2 15
31.3 15
31.4 15
31.5 15
31.6 15
31.7 15
31.8 15
31.9 15
32 15
32.1 15
32.2 15
32.3 15
32.4 15
32.5 15
32.6 15
32.7 15
32.8 15
32.9 15
33 15
33.1 15
33.2 15
33.3 15
33.4 15
33.5 15
33.6 15
33.7 15
33.8 15
33.9 15
34 15
34.1 15
34.2 15
34.3 15
34.4 15
34.5 15
34.6 15
34.7 15
34.8 15
34.9 15
35 15
35.1 15
35.2 15
35.3 15
35.4 15
35.5 15
35.6 15
35.7 15
35.8 15
35.9 15
36 15
36.1 15
36.2 15
36.3 15
36.4 15
36.5 15
36.6 15
36.7 15
36.8 15
36.9 15
37 15
37.1 15
37.2 15
37.3 15
37.4 15
37.5 15
37.6 15
37.7 15
37.8 15
37.9 15
38 15
38.1 15
38.2 15
38.3 15
38.4 15
38.5 15
38.6 15
38.7 15
38.8 15
38.9 15
39 15
39.1 15
39.2 15
39.3 15
39.4 15
39.5 15
39.6 15
39.7 15
39.8 15
39.9 15
