0 0.25
0.1 0.250216
0.2 0.250455
0.3 0.250719
0.4 0.25101
0.5 0.251329
0.6 0.25168
0.7 0.252065
0.8 0.252485
0.9 0.252943
1 0.253441
1.1 0.253979
1.2 0.25456
1.3 0.255182
1.4 0.255846
1.5 0.256552
1.6 0.257295
1.7 0.258075
1.8 0.258885
1.9 0.25972
2 0.260572
2.1 0.261434
2.2 0.262295
2.3 0.263144
2.4 0.263969
2.5 0.264756
2.6 0.265494
2.7 0.266167
2.8 0.266765
2.9 0.267274
3 0.267683
3.1 0.267986
3.2 0.268173
3.3 0.268243
3.4 0.268192
3.5 0.268022
3.6 0.267738
3.7 0.267344
3.8 0.26685
3.9 0.266266
4 0.265603
4.1 0.264875
4.2 0.264094
4.3 0.263274
4.4 0.262428
4.5 0.261568
4.6 0.260706
4.7 0.259851
4.8 0.259013
4.9 0.258199
5 0.257415
5.1 0.256665
5.2 0.255954
5.3 0.255283
5.4 0.254654
5.5 0.254067
5.6 0.253522
5.7 0.253018
5.8 0.252554
5.9 0.252128
6 0.251738
6.1 0.251382
6.2 0.251057
6.3 0.250762
6.4 0.250495
6.5 0.250252
6.6 0.250032
6.7 0.249834
6.8 0.249654
6.9 0.249492
7 0.249346
7.1 0.249214
7.2 0.249095
7.3 0.248988
7.4 0.248891
7.5 0.248804
7.6 0.248725
7.7 0.248654
7.8 0.24859
7.9 0.248532
8 0.248479
8.1 0.248432
8.2 0.248389
8.3 0.248351
8.4 0.248316
8.5 0.248284
8.6 0.248255
8.7 0.248229
8.8 0.248205
8.9 0.248184
9 0.248164
9.1 0.248146
9.2 0.24813
9.3 0.248115
9.4 0.248102
9.5 0.24809
9.6 0.248078
9.7 0.248068
9.8 0.248059
9.9 0.24805
10 0.248042
10.1 0.248035
10.2 0.248028
10.3 0.248022
10.4 0.248017
10.5 0.248011
10.6 0.248007
10.7 0.248002
10.8 0.247998
10.9 0.247995
11 0.247991
11.1 0.247988
11.2 0.247985
11.3 0.247982
11.4 0.24798
11.5 0.247978
11.6 0.247975
11.7 0.247973
11.8 0.247972
11.9 0.24797
12 0.247968
12.1 0.247967
12.2 0.247965
12.3 0.247964
12.4 0.247963
12.5 0.247962
12.6 0.247961
12.7 0.24796
12.8 0.247959
12.9 0.247958
13 0.247957
13.1 0.247956
13.2 0.247956
13.3 0.247955
13.4 0.247954
13.5 0.247954
13.6 0.247953
13.7 0.247953
13.8 0.247952
13.9 0.247952
14 0.247951
14.1 0.247951
14.2 0.247951
14.3 0.24795
14.4 0.24795
14.5 0.24795
14.6 0.247949
14.7 0.247949
14.8 0.247949
14.9 0.247949
15 0.247948
15.1 0.247948
15.2 0.247948
15.3 0.247948
15.4 0.247948
15.5 0.247947
15.6 0.247947
15.7 0.247947
15.8 0.247947
15.9 0.247947
16 0.247947
16.1 0.247946
16.2 0.247946
16.3 0.247946
16.4 0.247946
16.5 0.247946
16.6 0.247946
16.7 0.247946
16.8 0.247946
16.9 0.247946
17 0.247946
17.1 0.247946
17.2 0.247945
17.3 0.247945
17.4 0.247945
17.5 0.247945
17.6 0.247945
17.7 0.247945
17.8 0.247945
17.9 0.247945
18 0.247945
18.1 0.247945
18.2 0.247945
18.3 0.247945
18.4 0.247945
18.5 0.247945
18.6 0.247945
18.7 0.247945
18.8 0.247945
18.9 0.247945
19 0.247945
19.1 0.247945
19.2 0.247945
19.3 0.247945
19.4 0.247944
19.5 0.247944
19.6 0.247944
19.7 0.247944
19.8 0.247944
19.9 0.247944
20 0.247944
20.1 0.247944
20.2 0.247944
20.3 0.247944
20.4 0.247944
20.5 0.247944
20.6 0.247944
20.7 0.247944
20.8 0.247944
20.9 0.247944
21 0.247944
21.1 0.247944
21.2 0.247944
21.3 0.247944
21.4 0.247944
21.5 0.247944
21.6 0.247944
21.7 0.247944
21.8 0.247944
21.9 0.247944
22 0.247944
22.1 0.247944
22.2 0.247944
22.3 0.247944
22.4 0.247944
22.5 0.247944
22.6 0.247944
22.7 0.247944
22.8 0.247944
22.9 0.247944
23 0.247944
23.1 0.247944
23.2 0.247944
23.3 0.247944
23.4 0.247944
23.5 0.247944
23.6 0.247944
23.7 0.247944
23.8 0.247944
23.9 0.247944
24 0.247944
24.1 0.247944
24.2 0.247944
24.3 0.247944
24.4 0.247944
24.5 0.247944
24.6 0.247944
24.7 0.247944
24.8 0.247944
24.9 0.247944
25 0.247944
25.1 0.247944
25.2 0.247944
25.3 0.247944
25.4 0.247944
25.5 0.247944
25.6 0.247944
25.7 0.247944
25.8 0.247944
25.9 0.247944
26 0.247944
26.1 0.247944
26.2 0.247944
26.3 0.247944
26.4 0.247944
26.5 0.247944
26.6 0.247944
26.7 0.247944
26.8 0.247944
26.9 0.247944
27 0.247944
27.1 0.247944
27.2 0.247944
27.3 0.247944
27.4 0.247944
27.5 0.247944
27.6 0.247944
27.7 0.247944
27.8 0.247944
27.9 0.247944
28 0.247944
28.1 0.247944
28.2 0.247945
28.3 0.247945
28.4 0.247945
28.5 0.247945
28.6 0.247945
28.7 0.247945
28.8 0.247945
28.9 0.247945
29 0.247945
29.1 0.247945
29.2 0.247945
29.3 0.247945
29.4 0.247945
29.5 0.247945
29.6 0.247945
29.7 0.247945
29.8 0.247945
29.9 0.247945
30 0.247945
30.1 0.247945
30.2 0.247945
30.3 0.247945
30.4 0.247945
30.5 0.247945
30.6 0.247946
30.7 0.247946
30.8 0.247946
30.9 0.247946
31 0.247946
31.1 0.247946
31.2 0.247946
31.3 0.247946
31.4 0.247946
31.5 0.247946
31.6 0.247946
31.7 0.247946
31.8 0.247947
31.9 0.247947
32 0.247947
32.1 0.247947
32.2 0.247947
32.3 0.247947
32.4 0.247947
32.5 0.247948
32.6 0.247948
32.7 0.247948
32.8 0.247948
32.9 0.247948
33 0.247948
33.1 0.247949
33.2 0.247949
33.3 0.247949
33.4 0.247949
33.5 0.247949
33.6 0.24795
33.7 0.24795
33.8 0.24795
33.9 0.24795
34 0.247951
34.1 0.247951
34.2 0.247951
34.3 0.247952
34.4 0.247952
34.5 0.247952
34.6 0.247953
34.7 0.247953
34.8 0.247954
34.9 0.247954
35 0.247954
35.1 0.247955
35.2 0.247955
35.3 0.247956
35.4 0.247956
35.5 0.247957
35.6 0.247958
35.7 0.247958
35.8 0.247959
35.9 0.247959
36 0.24796
36.1 0.247961
36.2 0.247962
36.3 0.247962
36.4 0.247963
36.5 0.247964
36.6 0.247965
36.7 0.247966
36.8 0.247967
36.9 0.247968
37 0.247969
37.1 0.24797
37.2 0.247971
37.3 0.247972
37.4 0.247973
37.5 0.247975
37.6 0.247976
37.7 0.247977
37.8 0.247979
37.9 0.24798
38 0.247981
38.1 0.247983
38.2 0.247984
38.3 0.247986
38.4 0.247988
38.5 0.247989
38.6 0.247991
38.7 0.247993
38.8 0.247995
38.9 0.247996
39 0.247998
39.1 0.248
39.2 0.248002
39.3 0.248004
39.4 0.248006
39.5 0.248008
39.6 0.24801
39.7 0.248012
39.8 0.248014
39.9 0.248016
