0 0.25
0.1 0.250372
0.2 0.250791
0.3 0.251263
0.4 0.251795
0.5 0.252394
0.6 0.253068
0.7 0.253825
0.8 0.254675
0.9 0.255627
1 0.256691
1.1 0.257878
1.2 0.259199
1.3 0.260664
1.4 0.262284
1.5 0.264069
1.6 0.266028
1.7 0.268167
1.8 0.270493
1.9 0.273009
2 0.275715
2.1 0.278608
2.2 0.281683
2.3 0.28493
2.4 0.288337
2.5 0.291886
2.6 0.295558
2.7 0.299332
2.8 0.303182
2.9 0.307084
3 0.311012
3.1 0.31494
3.2 0.318843
3.3 0.322699
3.4 0.326488
3.5 0.330192
3.6 0.333799
3.7 0.337298
3.8 0.340682
3.9 0.34395
4 0.347101
4.1 0.350142
4.2 0.353079
4.3 0.355925
4.4 0.358693
4.5 0.361401
4.6 0.36407
4.7 0.366722
4.8 0.369384
4.9 0.372087
5 0.374866
5.1 0.37776
5.2 0.380815
5.3 0.384085
5.4 0.387634
5.5 0.391537
5.6 0.395888
5.7 0.400802
5.8 0.406425
5.9 0.412943
6 0.420602
6.1 0.429731
6.2 0.440783
6.3 0.454398
6.4 0.471513
6.5 0.493549
6.6 0.52277
6.7 0.562979
6.8 0.621052
6.9 0.710617
7 0.862248
7.1 1.15739
7.2 1.86469
7.3 3.23971
7.4 3.23855
7.5 1.86743
7.6 1.15842
7.7 0.862739
7.8 0.710892
7.9 0.621224
8 0.563094
8.1 0.522852
8.2 0.493611
8.3 0.47156
8.4 0.454435
8.5 0.440812
8.6 0.429755
8.7 0.420622
8.8 0.41296
8.9 0.406439
9 0.400815
9.1 0.395899
9.2 0.391547
9.3 0.387643
9.4 0.384093
9.5 0.380823
9.6 0.377767
9.7 0.374873
9.8 0.372094
9.9 0.369391
10 0.366728
10.1 0.364076
10.2 0.361408
10.3 0.3587
10.4 0.355932
10.5 0.353086
10.6 0.350149
10.7 0.347109
10.8 0.343957
10.9 0.34069
11 0.337306
11.1 0.333808
11.2 0.330201
11.3 0.326497
11.4 0.322708
11.5 0.318852
11.6 0.314949
11.7 0.311022
11.8 0.307094
11.9 0.303192
12 0.299341
12.1 0.295567
12.2 0.291895
12.3 0.288345
12.4 0.284938
12.5 0.281691
12.6 0.278615
12.7 0.275721
12.8 0.273015
12.9 0.270499
13 0.268173
13.1 0.266033
13.2 0.264074
13.3 0.262289
13.4 0.260668
13.5 0.259202
13.6 0.257881
13.7 0.256694
13.8 0.255629
13.9 0.254677
14 0.253827
14.1 0.25307
14.2 0.252396
14.3 0.251796
14.4 0.251264
14.5 0.250792
14.6 0.250373
14.7 0.250001
14.8 0.249671
14.9 0.249379
15 0.24912
15.1 0.248889
15.2 0.248685
15.3 0.248504
15.4 0.248343
15.5 0.248199
15.6 0.248072
15.7 0.247958
15.8 0.247857
15.9 0.247767
16 0.247686
16.1 0.247614
16.2 0.24755
16.3 0.247492
16.4 0.247441
16.5 0.247394
16.6 0.247353
16.7 0.247315
16.8 0.247281
16.9 0.247251
17 0.247224
17.1 0.247199
17.2 0.247177
17.3 0.247156
17.4 0.247138
17.5 0.247121
17.6 0.247106
17.7 0.247093
17.8 0.24708
17.9 0.247069
18 0.247059
18.1 0.247049
18.2 0.247041
18.3 0.247033
18.4 0.247026
18.5 0.247019
18.6 0.247013
18.7 0.247007
18.8 0.247002
18.9 0.246998
19 0.246993
19.1 0.246989
19.2 0.246986
19.3 0.246983
19.4 0.246979
19.5 0.246977
19.6 0.246974
19.7 0.246972
19.8 0.246969
19.9 0.246967
20 0.246965
20.1 0.246963
20.2 0.246962
20.3 0.24696
20.4 0.246959
20.5 0.246958
20.6 0.246956
20.7 0.246955
20.8 0.246954
20.9 0.246953
21 0.246952
21.1 0.246951
21.2 0.24695
21.3 0.24695
21.4 0.246949
21.5 0.246948
21.6 0.246948
21.7 0.246947
21.8 0.246947
21.9 0.246946
22 0.246946
22.1 0.246945
22.2 0.246945
22.3 0.246944
22.4 0.246944
22.5 0.246944
22.6 0.246943
22.7 0.246943
22.8 0.246943
22.9 0.246942
23 0.246942
23.1 0.246942
23.2 0.246942
23.3 0.246941
23.4 0.246941
23.5 0.246941
23.6 0.246941
23.7 0.246941
23.8 0.24694
23.9 0.24694
24 0.24694
24.1 0.24694
24.2 0.24694
24.3 0.24694
24.4 0.24694
24.5 0.246939
24.6 0.246939
24.7 0.246939
24.8 0.246939
24.9 0.246939
25 0.246939
25.1 0.246939
25.2 0.246939
25.3 0.246939
25.4 0.246939
25.5 0.246939
25.6 0.246938
25.7 0.246938
25.8 0.246938
25.9 0.246938
26 0.246938
26.1 0.246938
26.2 0.246938
26.3 0.246938
26.4 0.246938
26.5 0.246938
26.6 0.246938
26.7 0.246938
26.8 0.246938
26.9 0.246938
27 0.246938
27.1 0.246938
27.2 0.246938
27.3 0.246938
27.4 0.246938
27.5 0.246938
27.6 0.246938
27.7 0.246938
27.8 0.246938
27.9 0.246938
28 0.246938
28.1 0.246938
28.2 0.246938
28.3 0.246938
28.4 0.246937
28.5 0.246937
28.6 0.246937
28.7 0.246937
28.8 0.246937
28.9 0.246937
29 0.246937
29.1 0.246937
29.2 0.246937
29.3 0.246937
29.4 0.246937
29.5 0.246937
29.6 0.246937
29.7 0.246937
29.8 0.246937
29.9 0.246937
30 0.246937
30.1 0.246937
30.2 0.246937
30.3 0.246937
30.4 0.246937
30.5 0.246937
30.6 0.246937
30.7 0.246937
30.8 0.246937
30.9 0.246937
31 0.246937
31.1 0.246937
31.2 0.246937
31.3 0.246937
31.4 0.246937
31.5 0.246937
31.6 0.246937
31.7 0.246937
31.8 0.246937
31.9 0.246937
32 0.246937
32.1 0.246937
32.2 0.246937
32.3 0.246937
32.4 0.246937
32.5 0.246937
32.6 0.246937
32.7 0.246937
32.8 0.246937
32.9 0.246937
33 0.246937
33.1 0.246937
33.2 0.246937
33.3 0.246937
33.4 0.246937
33.5 0.246937
33.6 0.246937
33.7 0.246937
33.8 0.246937
33.9 0.246937
34 0.246937
34.1 0.246937
34.2 0.246937
34.3 0.246937
34.4 0.246937
34.5 0.246937
34.6 0.246937
34.7 0.246937
34.8 0.246937
34.9 0.246937
35 0.246937
35.1 0.246937
35.2 0.246937
35.3 0.246937
35.4 0.246937
35.5 0.246937
35.6 0.246937
35.7 0.246937
35.8 0.246937
35.9 0.246937
36 0.246937
36.1 0.246937
36.2 0.246937
36.3 0.246937
36.4 0.246937
36.5 0.246937
36.6 0.246937
36.7 0.246937
36.8 0.246937
36.9 0.246937
37 0.246937
37.1 0.246937
37.2 0.246937
37.3 0.246937
37.4 0.246937
37.5 0.246937
37.6 0.246937
37.7 0.246937
37.8 0.246937
37.9 0.246937
38 0.246937
38.1 0.246937
38.2 0.246937
38.3 0.246937
38.4 0.246937
38.5 0.246937
38.6 0.246937
38.7 0.246937
38.8 0.246937
38.9 0.246937
39 0.246937
39.1 0.246937
39.2 0.246937
39.3 0.246937
39.4 0.246937
39.5 0.246937
39.6 0.246937
39.7 0.246937
39.8 0.246937
39.9 0.246937
