0 2.5
0.1 7.76188
0.2 17.6783
0.3 26.0783
0.4 3.61057
0.5 22.0381
0.6 21.9539
0.7 10.8033
0.8 3.90989
0.9 1.18762
1 1.92032
1.1 6.3198
1.2 15.2924
1.3 25.7749
1.4 9.19045
1.5 16.653
1.6 24.1079
1.7 12.8221
1.8 4.94862
1.9 1.45377
2 1.4921
2.1 5.07477
2.2 13.058
2.3 24.317
2.4 15.9451
2.5 9.93107
2.6 25.66
2.7 15.0366
2.8 6.17249
2.9 1.86559
3 1.21003
3.1 4.01608
3.2 11.0165
3.3 22.21
3.4 21.5473
3.5 4.08295
3.6 26.12
3.7 17.4088
3.8 7.59227
3.9 2.42819
4 1.07055
4.1 3.13306
4.2 9.18428
4.3 19.8144
4.4 24.9345
4.5 1.75693
4.6 24.8914
4.7 19.8614
4.8 9.21744
4.9 3.14841
5 1.0719
5.1 2.41593
5.2 7.56312
5.3 17.3622
5.4 26.1251
5.5 4.16948
5.6 21.4593
5.7 22.2541
5.8 11.0538
5.9 4.0347
6 1.21409
6.1 1.85628
6.2 6.1472
6.3 14.9924
6.4 25.6387
6.5 10.0606
6.6 15.8208
6.7 24.3524
6.8 13.0991
6.9 5.09687
7 1.49893
7.1 1.44731
7.2 4.92699
7.3 12.7814
7.4 24.0709
7.5 16.774
7.6 9.06337
7.7 25.7935
7.8 15.3369
7.9 6.34558
8 1.93
8.1 1.18391
8.2 3.8917
8.3 10.7666
8.4 21.9092
8.5 22.1203
8.6 3.53347
8.7 26.0689
8.8 17.7251
8.9 7.79154
9 2.51265
9.1 1.06279
9.2 3.03075
9.3 8.96189
9.4 19.4954
9.5 25.2048
9.6 1.80503
9.7 24.5777
9.8 20.1794
9.9 9.44392
10 3.25393
10.1 1.08239
10.2 2.33452
10.3 7.36783
10.4 17.0477
10.5 26.1436
10.6 4.78914
10.7 20.8418
10.8 22.5495
10.9 11.3077
11 4.16248
11.1 1.24296
11.2 1.79479
11.3 5.97791
11.4 14.6952
11.5 25.4844
11.6 10.9437
11.7 14.9676
11.8 24.5861
11.9 13.3795
12 5.24825
12.1 1.54655
12.2 1.40497
12.3 4.78232
12.4 12.5082
12.5 23.8151
12.6 17.5778
12.7 8.21582
12.8 25.9074
12.9 15.6398
13 6.52199
13.1 1.99697
13.2 1.1602
13.3 3.77026
13.4 10.5203
13.5 21.6042
13.6 22.6537
13.7 3.05062
13.8 25.9879
13.9 18.0425
14 7.9943
14.1 2.59978
14.2 1.05739
14.3 2.93122
14.4 8.74307
14.5 19.1759
14.6 25.4384
14.7 1.93651
14.8 24.2255
14.9 20.4962
15 9.67398
15.1 3.36226
15.2 1.09525
15.3 2.25574
15.4 7.17599
15.5 16.7349
15.6 26.1351
15.7 5.46394
15.8 20.1865
15.9 22.8395
16 11.5652
16.1 4.29325
16.2 1.27424
16.3 1.73581
16.4 5.81189
16.5 14.4009
16.6 25.3132
16.7 11.8337
16.8 14.0978
16.9 24.8079
17 13.663
17.1 5.40281
17.2 1.59665
17.3 1.36507
17.4 4.64076
17.5 12.2384
17.6 23.5503
17.7 18.3533
17.8 7.39484
17.9 26.0006
18 15.9452
18.1 6.70176
18.2 2.0665
18.3 1.13887
18.4 3.65174
18.5 10.2775
18.6 21.2958
18.7 23.1471
18.8 2.63898
18.9 25.8756
19 18.3608
19.1 8.20056
19.2 2.6896
19.3 1.05437
19.4 2.83445
19.5 8.5278
19.6 18.8564
19.7 25.6363
19.8 2.15003
19.9 23.8339
20 20.8112
20.1 9.90762
20.2 3.47344
20.3 1.11049
20.4 2.17959
20.5 6.98757
20.6 16.4239
20.7 26.101
20.8 6.18791
20.9 19.4949
21 23.1234
21.1 11.8263
21.2 4.42702
21.3 1.30794
21.4 1.67936
21.5 5.64913
21.6 14.1095
21.7 25.1264
21.8 12.7248
21.9 13.2157
22 25.0168
22.1 13.9497
22.2 5.56057
22.3 1.64923
22.4 1.3276
22.5 4.50226
22.6 11.972
22.7 23.2774
22.8 19.0977
22.9 6.60688
23 26.0717
23.1 16.2529
23.2 6.8849
23.3 2.13862
23.4 1.11993
23.5 3.53611
23.6 10.0383
23.7 20.9844
23.8 23.6005
23.9 2.30252
24 25.7308
24.1 18.6799
24.2 8.41034
24.3 2.78214
24.4 1.05371
24.5 2.74041
24.6 8.31607
24.7 18.5371
24.8 25.7997
24.9 2.4435
25 23.4026
25.1 21.124
25.2 10.1448
25.3 3.58748
25.4 1.12811
25.5 2.10604
25.6 6.80256
25.7 16.115
25.8 26.0427
25.9 6.95485
26 18.7687
26.1 23.4004
26.2 12.0907
26.3 4.56383
26.4 1.34406
26.5 1.6254
26.6 5.48961
26.7 13.8211
26.8 24.925
26.9 13.6115
27 12.3264
27.1 25.2118
27.2 14.2394
27.3 5.72154
27.4 1.7043
27.5 1.29257
27.6 4.36681
27.7 11.7091
27.8 22.9972
27.9 19.8087
28 5.85838
28.1 26.1193
28.2 16.5628
28.3 7.07143
28.4 2.21333
28.5 1.10338
28.6 3.42336
28.7 9.80267
28.8 20.6705
28.9 24.0139
29 2.04449
29.1 25.5521
29.2 18.9993
29.3 8.62365
29.4 2.8774
29.5 1.05543
29.6 2.64909
29.7 8.10786
29.8 18.2183
29.9 25.9298
30 2.81404
30.1 22.9313
30.2 21.4341
30.3 10.3856
30.4 3.7044
30.5 1.14811
30.6 2.03508
30.7 6.62093
30.8 15.8083
30.9 25.9616
31 7.75838
31.1 18.01
31.2 23.6698
31.3 12.3587
31.4 4.7037
31.5 1.38261
31.6 1.57393
31.7 5.33328
31.8 13.5358
31.9 24.7102
32 14.4887
32.1 11.4351
32.2 25.3918
32.3 14.5322
32.4 5.88575
32.5 1.76188
32.6 1.25995
32.7 4.23438
32.8 11.4496
32.9 22.7105
33 20.4842
33.1 5.15565
33.2 26.1421
33.3 16.8746
33.4 7.26138
33.5 2.29066
33.6 1.0892
33.7 3.31345
33.8 9.57063
33.9 20.3547
34 24.3879
34.1 1.86746
34.2 25.3384
34.3 19.3189
34.4 8.84051
34.5 2.9754
34.6 1.05951
34.7 2.56047
34.8 7.90317
34.9 17.9003
35 26.0279
35.1 3.25806
35.2 22.42
35.3 21.7411
35.4 10.63
35.5 3.82422
35.6 1.17051
35.7 1.96669
35.8 6.44267
35.9 15.504
36 25.8589
36.1 8.59204
36.2 17.2215
36.3 23.9307
36.4 12.63
36.5 4.84665
36.6 1.4236
36.7 1.52494
36.8 5.18015
36.9 13.2537
37 24.483
37.1 15.3516
37.2 10.5475
37.3 25.5556
37.4 14.8278
37.5 6.05323
37.6 1.82198
37.7 1.22975
37.8 4.10496
37.9 11.1937
38 22.418
38.1 21.1228
38.2 4.5048
38.3 26.1387
38.4 17.1882
38.5 7.45476
38.6 2.37061
38.7 1.0774
38.8 3.20638
38.9 9.34217
39 20.0373
39.1 24.7228
39.2 1.77316
39.3 25.0885
39.4 19.6382
39.5 9.06093
39.6 3.07617
39.7 1.06597
39.8 2.47454
39.9 7.70197
