0 0 0 10 10 10 5 2 1
0.1 0 0 10.5 10.2 10.1 5 2 1
0.2 0 0 11 10.4 10.2 5 2 1
0.3 0 0 11.5 10.6 10.3 5 2 1
0.4 0 0 12 10.8 10.4 5 2 1
0.5 0 0 12.5 11 10.5 5 2 1
0.6 0 0 13 11.2 10.6 5 2 1
0.7 0 0 13.5 11.4 10.7 5 2 1
0.8 0 0 14 11.6 10.8 5 2 1
0.9 0 0 14.5 11.8 10.9 5 2 1
1 0 0 15 12 11 5 2 1
1.1 0 0 15.5 12.2 11.1 5 2 1
1.2 0 0 16 12.4 11.2 5 2 1
1.3 0 0 16.5 12.6 11.3 5 2 1
1.4 0 0 17 12.8 11.4 5 2 1
1.5 0 0 17.5 13 11.5 5 2 1
1.6 0 0 18 13.2 11.6 5 2 1
1.7 0 0 18.5 13.4 11.7 5 2 1
1.8 0 0 19 13.6 11.8 5 2 1
1.9 0 0 19.5 13.8 11.9 5 2 1
2 0 0 20 14 12 -5 2 1
2.1 0 0 19.5 14.2 12.1 -5 2 1
2.2 0 0 19 14.4 12.2 -5 2 1
2.3 0 0 18.5 14.6 12.3 -5 2 1
2.4 0 0 18 14.8 12.4 -5 2 1
2.5 0 0 17.5 15 12.5 -5 2 1
2.6 0 0 17 15.2 12.6 -5 2 1
2.7 0 0 16.5 15.4 12.7 -5 2 1
2.8 0 0 16 15.6 12.8 -5 2 1
2.9 0 0 15.5 15.8 12.9 -5 2 1
3 0 0 15 16 13 -5 2 1
3.1 0 0 14.5 16.2 13.1 -5 2 1
3.2 0 0 14 16.4 13.2 -5 2 1
3.3 0 0 13.5 16.6 13.3 -5 2 1
3.4 0 0 13 16.8 13.4 -5 2 1
3.5 0 0 12.5 17 13.5 -5 2 1
3.6 0 0 12 17.2 13.6 -5 2 1
3.7 0 0 11.5 17.4 13.7 -5 2 1
3.8 0 0 11 17.6 13.8 -5 2 1
3.9 0 0 10.5 17.8 13.9 -5 2 1
4 0 0 10 18 14 -5 2 1
4.1 0 0 9.5 18.2 14.1 -5 2 1
4.2 0 0 9 18.4 14.2 -5 2 1
4.3 0 0 8.5 18.6 14.3 -5 2 1
4.4 0 0 8 18.8 14.4 -5 2 1
4.5 0 0 7.5 19 14.5 -5 2 1
4.6 0 0 7 19.2 14.6 -5 2 1
4.7 0 0 6.5 19.4 14.7 -5 2 1
4.8 0 0 6 19.6 14.8 -5 2 1
4.9 0 0 5.5 19.8 14.9 -5 2 1
5 0 0 5 20 15 -5 2 1
5.1 0 0 4.5 19.8 15.1 -5 -2 1
5.2 0 0 4 19.6 15.2 -5 -2 1
5.3 0 0 3.5 19.4 15.3 -5 -2 1
5.4 0 0 3 19.2 15.4 -5 -2 1
5.5 0 0 2.5 19 15.5 -5 -2 1
5.6 0 0 2 18.8 15.6 -5 -2 1
5.7 0 0 1.5 18.6 15.7 -5 -2 1
5.8 0 0 1 18.4 15.8 -5 -2 1
5.9 0 0 0.5 18.2 15.9 -5 -2 1
6 0 0 4.47685e-13 18 16 5 -2 1
6.1 0 0 0.5 17.8 16.1 5 -2 1
6.2 0 0 1 17.6 16.2 5 -2 1
6.3 0 0 1.5 17.4 16.3 5 -2 1
6.4 0 0 2 17.2 16.4 5 -2 1
6.5 0 0 2.5 17 16.5 5 -2 1
6.6 0 0 3 16.8 16.6 5 -2 1
6.7 0 0 3.5 16.6 16.7 5 -2 1
6.8 0 0 4 16.4 16.8 5 -2 1
6.9 0 0 4.5 16.2 16.9 5 -2 1
7 0 0 5 16 17 5 -2 1
7.1 0 0 5.5 15.8 17.1 5 -2 1
7.2 0 0 6 15.6 17.2 5 -2 1
7.3 0 0 6.5 15.4 17.3 5 -2 1
7.4 0 0 7 15.2 17.4 5 -2 1
7.5 0 0 7.5 15 17.5 5 -2 1
7.6 0 0 8 14.8 17.6 5 -2 1
7.7 0 0 8.5 14.6 17.7 5 -2 1
7.8 0 0 9 14.4 17.8 5 -2 1
7.9 0 0 9.5 14.2 17.9 5 -2 1
8 0 0 10 14 18 5 -2 1
8.1 0 0 10.5 13.8 18.1 5 -2 1
8.2 0 0 11 13.6 18.2 5 -2 1
8.3 0 0 11.5 13.4 18.3 5 -2 1
8.4 0 0 12 13.2 18.4 5 -2 1
8.5 0 0 12.5 13 18.5 5 -2 1
8.6 0 0 13 12.8 18.6 5 -2 1
8.7 0 0 13.5 12.6 18.7 5 -2 1
8.8 0 0 14 12.4 18.8 5 -2 1
8.9 0 0 14.5 12.2 18.9 5 -2 1
9 0 0 15 12 19 5 -2 1
9.1 0 0 15.5 11.8 19.1 5 -2 1
9.2 0 0 16 11.6 19.2 5 -2 1
9.3 0 0 16.5 11.4 19.3 5 -2 1
9.4 0 0 17 11.2 19.4 5 -2 1
9.5 0 0 17.5 11 19.5 5 -2 1
9.6 0 0 18 10.8 19.6 5 -2 1
9.7 0 0 18.5 10.6 19.7 5 -2 1
9.8 0 0 19 10.4 19.8 5 -2 1
9.9 0 0 19.5 10.2 19.9 5 -2 1
10 0 0 20 10 20 -5 -2 -1
10.1 0 0 19.5 9.8 19.9 -5 -2 -1
10.2 0 0 19 9.6 19.8 -5 -2 -1
10.3 0 0 18.5 9.4 19.7 -5 -2 -1
10.4 0 0 18 9.2 19.6 -5 -2 -1
10.5 0 0 17.5 9 19.5 -5 -2 -1
10.6 0 0 17 8.8 19.4 -5 -2 -1
10.7 0 0 16.5 8.6 19.3 -5 -2 -1
10.8 0 0 16 8.4 19.2 -5 -2 -1
10.9 0 0 15.5 8.2 19.1 -5 -2 -1
11 0 0 15 8 19 -5 -2 -1
11.1 0 0 14.5 7.8 18.9 -5 -2 -1
11.2 0 0 14 7.6 18.8 -5 -2 -1
11.3 0 0 13.5 7.4 18.7 -5 -2 -1
11.4 0 0 13 7.2 18.6 -5 -2 -1
11.5 0 0 12.5 7 18.5 -5 -2 -1
11.6 0 0 12 6.8 18.4 -5 -2 -1
11.7 0 0 11.5 6.6 18.3 -5 -2 -1
11.8 0 0 11 6.4 18.2 -5 -2 -1
11.9 0 0 10.5 6.2 18.1 -5 -2 -1
12 0 0 10 6 18 -5 -2 -1
12.1 0 0 9.5 5.8 17.9 -5 -2 -1
12.2 0 0 9 5.6 17.8 -5 -2 -1
12.3 0 0 8.5 5.4 17.7 -5 -2 -1
12.4 0 0 8 5.2 17.6 -5 -2 -1
12.5 0 0 7.5 5 17.5 -5 -2 -1
12.6 0 0 7 4.8 17.4 -5 -2 -1
12.7 0 0 6.5 4.6 17.3 -5 -2 -1
12.8 0 0 6 4.4 17.2 -5 -2 -1
12.9 0 0 5.5 4.2 17.1 -5 -2 -1
13 0 0 5 4 17 -5 -2 -1
13.1 0 0 4.5 3.8 16.9 -5 -2 -1
13.2 0 0 4 3.6 16.8 -5 -2 -1
13.3 0 0 3.5 3.4 16.7 -5 -2 -1
13.4 0 0 3 3.2 16.6 -5 -2 -1
13.5 0 0 2.5 3 16.5 -5 -2 -1
13.6 0 0 2 2.8 16.4 -5 -2 -1
13.7 0 0 1.5 2.6 16.3 -5 -2 -1
13.8 0 0 1 2.4 16.2 -5 -2 -1
13.9 0 0 0.5 2.2 16.1 -5 -2 -1
14 0 0 1.05875e-12 2 16 5 -2 -1
14.1 0 0 0.5 1.8 15.9 5 -2 -1
14.2 0 0 1 1.6 15.8 5 -2 -1
14.3 0 0 1.5 1.4 15.7 5 -2 -1
14.4 0 0 2 1.2 15.6 5 -2 -1
14.5 0 0 2.5 1 15.5 5 -2 -1
14.6 0 0 3 0.8 15.4 5 -2 -1
14.7 0 0 3.5 0.6 15.3 5 -2 -1
14.8 0 0 4 0.4 15.2 5 -2 -1
14.9 0 0 4.5 0.2 15.1 5 -2 -1
15 0 0 5 4.18346e-13 15 5 -2 -1
15.1 0 0 5.5 0.2 14.9 5 2 -1
15.2 0 0 6 0.4 14.8 5 2 -1
15.3 0 0 6.5 0.6 14.7 5 2 -1
15.4 0 0 7 0.8 14.6 5 2 -1
15.5 0 0 7.5 1 14.5 5 2 -1
15.6 0 0 8 1.2 14.4 5 2 -1
15.7 0 0 8.5 1.4 14.3 5 2 -1
15.8 0 0 9 1.6 14.2 5 2 -1
15.9 0 0 9.5 1.8 14.1 5 2 -1
16 0 0 10 2 14 5 2 -1
16.1 0 0 10.5 2.2 13.9 5 2 -1
16.2 0 0 11 2.4 13.8 5 2 -1
16.3 0 0 11.5 2.6 13.7 5 2 -1
16.4 0 0 12 2.8 13.6 5 2 -1
16.5 0 0 12.5 3 13.5 5 2 -1
16.6 0 0 13 3.2 13.4 5 2 -1
16.7 0 0 13.5 3.4 13.3 5 2 -1
16.8 0 0 14 3.6 13.2 5 2 -1
16.9 0 0 14.5 3.8 13.1 5 2 -1
17 0 0 15 4 13 5 2 -1
17.1 0 0 15.5 4.2 12.9 5 2 -1
17.2 0 0 16 4.4 12.8 5 2 -1
17.3 0 0 16.5 4.6 12.7 5 2 -1
17.4 0 0 17 4.8 12.6 5 2 -1
17.5 0 0 17.5 5 12.5 5 2 -1
17.6 0 0 18 5.2 12.4 5 2 -1
17.7 0 0 18.5 5.4 12.3 5 2 -1
17.8 0 0 19 5.6 12.2 5 2 -1
17.9 0 0 19.5 5.8 12.1 5 2 -1
18 0 0 20 6 12 -5 2 -1
18.1 0 0 19.5 6.2 11.9 -5 2 -1
18.2 0 0 19 6.4 11.8 -5 2 -1
18.3 0 0 18.5 6.6 11.7 -5 2 -1
18.4 0 0 18 6.8 11.6 -5 2 -1
18.5 0 0 17.5 7 11.5 -5 2 -1
18.6 0 0 17 7.2 11.4 -5 2 -1
18.7 0 0 16.5 7.4 11.3 -5 2 -1
18.8 0 0 16 7.6 11.2 -5 2 -1
18.9 0 0 15.5 7.8 11.1 -5 2 -1
19 0 0 15 8 11 -5 2 -1
19.1 0 0 14.5 8.2 10.9 -5 2 -1
19.2 0 0 14 8.4 10.8 -5 2 -1
19.3 0 0 13.5 8.6 10.7 -5 2 -1
19.4 0 0 13 8.8 10.6 -5 2 -1
19.5 0 0 12.5 9 10.5 -5 2 -1
19.6 0 0 12 9.2 10.4 -5 2 -1
19.7 0 0 11.5 9.4 10.3 -5 2 -1
19.8 0 0 11 9.6 10.2 -5 2 -1
19.9 0 0 10.5 9.8 10.1 -5 2 -1
20 0 0 10 10 10 -5 2 -1
20.1 0 0 9.5 10.2 9.9 -5 2 -1
20.2 0 0 9 10.4 9.8 -5 2 -1
20.3 0 0 8.5 10.6 9.7 -5 2 -1
20.4 0 0 8 10.8 9.6 -5 2 -1
20.5 0 0 7.5 11 9.5 -5 2 -1
20.6 0 0 7 11.2 9.4 -5 2 -1
20.7 0 0 6.5 11.4 9.3 -5 2 -1
20.8 0 0 6 11.6 9.2 -5 2 -1
20.9 0 0 5.5 11.8 9.1 -5 2 -1
21 0 0 5 12 9 -5 2 -1
21.1 0 0 4.5 12.2 8.9 -5 2 -1
21.2 0 0 4 12.4 8.8 -5 2 -1
21.3 0 0 3.5 12.6 8.7 -5 2 -1
21.4 0 0 3 12.8 8.6 -5 2 -1
21.5 0 0 2.5 13 8.5 -5 2 -1
21.6 0 0 2 13.2 8.4 -5 2 -1
21.7 0 0 1.5 13.4 8.3 -5 2 -1
21.8 0 0 1 13.6 8.2 -5 2 -1
21.9 0 0 0.5 13.8 8.1 -5 2 -1
22 0 0 1.6716e-12 14 8 5 2 -1
22.1 0 0 0.5 14.2 7.9 5 2 -1
22.2 0 0 1 14.4 7.8 5 2 -1
22.3 0 0 1.5 14.6 7.7 5 2 -1
22.4 0 0 2 14.8 7.6 5 2 -1
22.5 0 0 2.5 15 7.5 5 2 -1
22.6 0 0 3 15.2 7.4 5 2 -1
22.7 0 0 3.5 15.4 7.3 5 2 -1
22.8 0 0 4 15.6 7.2 5 2 -1
22.9 0 0 4.5 15.8 7.1 5 2 -1
23 0 0 5 16 7 5 2 -1
23.1 0 0 5.5 16.2 6.9 5 2 -1
23.2 0 0 6 16.4 6.8 5 2 -1
23.3 0 0 6.5 16.6 6.7 5 2 -1
23.4 0 0 7 16.8 6.6 5 2 -1
23.5 0 0 7.5 17 6.5 5 2 -1
23.6 0 0 8 17.2 6.4 5 2 -1
23.7 0 0 8.5 17.4 6.3 5 2 -1
23.8 0 0 9 17.6 6.2 5 2 -1
23.9 0 0 9.5 17.8 6.1 5 2 -1
24 0 0 10 18 6 5 2 -1
24.1 0 0 10.5 18.2 5.9 5 2 -1
24.2 0 0 11 18.4 5.8 5 2 -1
24.3 0 0 11.5 18.6 5.7 5 2 -1
24.4 0 0 12 18.8 5.6 5 2 -1
24.5 0 0 12.5 19 5.5 5 2 -1
24.6 0 0 13 19.2 5.4 5 2 -1
24.7 0 0 13.5 19.4 5.3 5 2 -1
24.8 0 0 14 19.6 5.2 5 2 -1
24.9 0 0 14.5 19.8 5.1 5 2 -1
25 0 0 15 20 5 5 2 -1
25.1 0 0 15.5 19.8 4.9 5 -2 -1
25.2 0 0 16 19.6 4.8 5 -2 -1
25.3 0 0 16.5 19.4 4.7 5 -2 -1
25.4 0 0 17 19.2 4.6 5 -2 -1
25.5 0 0 17.5 19 4.5 5 -2 -1
25.6 0 0 18 18.8 4.4 5 -2 -1
25.7 0 0 18.5 18.6 4.3 5 -2 -1
25.8 0 0 19 18.4 4.2 5 -2 -1
25.9 0 0 19.5 18.2 4.1 5 -2 -1
26 0 0 20 18 4 -5 -2 -1
26.1 0 0 19.5 17.8 3.9 -5 -2 -1
26.2 0 0 19 17.6 3.8 -5 -2 -1
26.3 0 0 18.5 17.4 3.7 -5 -2 -1
26.4 0 0 18 17.2 3.6 -5 -2 -1
26.5 0 0 17.5 17 3.5 -5 -2 -1
26.6 0 0 17 16.8 3.4 -5 -2 -1
26.7 0 0 16.5 16.6 3.3 -5 -2 -1
26.8 0 0 16 16.4 3.2 -5 -2 -1
26.9 0 0 15.5 16.2 3.1 -5 -2 -1
27 0 0 15 16 3 -5 -2 -1
27.1 0 0 14.5 15.8 2.9 -5 -2 -1
27.2 0 0 14 15.6 2.8 -5 -2 -1
27.3 0 0 13.5 15.4 2.7 -5 -2 -1
27.4 0 0 13 15.2 2.6 -5 -2 -1
27.5 0 0 12.5 15 2.5 -5 -2 -1
27.6 0 0 12 14.8 2.4 -5 -2 -1
27.7 0 0 11.5 14.6 2.3 -5 -2 -1
27.8 0 0 11 14.4 2.2 -5 -2 -1
27.9 0 0 10.5 14.2 2.1 -5 -2 -1
28 0 0 10 14 2 -5 -2 -1
28.1 0 0 9.5 13.8 1.9 -5 -2 -1
28.2 0 0 9 13.6 1.8 -5 -2 -1
28.3 0 0 8.5 13.4 1.7 -5 -2 -1
28.4 0 0 8 13.2 1.6 -5 -2 -1
28.5 0 0 7.5 13 1.5 -5 -2 -1
28.6 0 0 7 12.8 1.4 -5 -2 -1
28.7 0 0 6.5 12.6 1.3 -5 -2 -1
28.8 0 0 6 12.4 1.2 -5 -2 -1
28.9 0 0 5.5 12.2 1.1 -5 -2 -1
29 0 0 5 12 1 -5 -2 -1
29.1 0 0 4.5 11.8 0.9 -5 -2 -1
29.2 0 0 4 11.6 0.8 -5 -2 -1
29.3 0 0 3.5 11.4 0.7 -5 -2 -1
29.4 0 0 3 11.2 0.6 -5 -2 -1
29.5 0 0 2.5 11 0.5 -5 -2 -1
29.6 0 0 2 10.8 0.4 -5 -2 -1
29.7 0 0 1.5 10.6 0.3 -5 -2 -1
29.8 0 0 1 10.4 0.2 -5 -2 -1
29.9 0 0 0.5 10.2 0.1 -5 -2 -1
30 0 0 2.28621e-12 10 3.02302e-12 5 -2 1
30.1 0 0 0.5 9.8 0.1 5 -2 1
30.2 0 0 1 9.6 0.2 5 -2 1
30.3 0 0 1.5 9.4 0.3 5 -2 1
30.4 0 0 2 9.2 0.4 5 -2 1
30.5 0 0 2.5 9 0.5 5 -2 1
30.6 0 0 3 8.8 0.6 5 -2 1
30.7 0 0 3.5 8.6 0.7 5 -2 1
30.8 0 0 4 8.4 0.8 5 -2 1
30.9 0 0 4.5 8.2 0.9 5 -2 1
31 0 0 5 8 1 5 -2 1
31.1 0 0 5.5 7.8 1.1 5 -2 1
31.2 0 0 6 7.6 1.2 5 -2 1
31.3 0 0 6.5 7.4 1.3 5 -2 1
31.4 0 0 7 7.2 1.4 5 -2 1
31.5 0 0 7.5 7 1.5 5 -2 1
31.6 0 0 8 6.8 1.6 5 -2 1
31.7 0 0 8.5 6.6 1.7 5 -2 1
31.8 0 0 9 6.4 1.8 5 -2 1
31.9 0 0 9.5 6.2 1.9 5 -2 1
32 0 0 10 6 2 5 -2 1
32.1 0 0 10.5 5.8 2.1 5 -2 1
32.2 0 0 11 5.6 2.2 5 -2 1
32.3 0 0 11.5 5.4 2.3 5 -2 1
32.4 0 0 12 5.2 2.4 5 -2 1
32.5 0 0 12.5 5 2.5 5 -2 1
32.6 0 0 13 4.8 2.6 5 -2 1
32.7 0 0 13.5 4.6 2.7 5 -2 1
32.8 0 0 14 4.4 2.8 5 -2 1
32.9 0 0 14.5 4.2 2.9 5 -2 1
33 0 0 15 4 3 5 -2 1
33.1 0 0 15.5 3.8 3.1 5 -2 1
33.2 0 0 16 3.6 3.2 5 -2 1
33.3 0 0 16.5 3.4 3.3 5 -2 1
33.4 0 0 17 3.2 3.4 5 -2 1
33.5 0 0 17.5 3 3.5 5 -2 1
33.6 0 0 18 2.8 3.6 5 -2 1
33.7 0 0 18.5 2.6 3.7 5 -2 1
33.8 0 0 19 2.4 3.8 5 -2 1
33.9 0 0 19.5 2.2 3.9 5 -2 1
34 0 0 20 2 4 -5 -2 1
34.1 0 0 19.5 1.8 4.1 -5 -2 1
34.2 0 0 19 1.6 4.2 -5 -2 1
34.3 0 0 18.5 1.4 4.3 -5 -2 1
34.4 0 0 18 1.2 4.4 -5 -2 1
34.5 0 0 17.5 1 4.5 -5 -2 1
34.6 0 0 17 0.8 4.6 -5 -2 1
34.7 0 0 16.5 0.6 4.7 -5 -2 1
34.8 0 0 16 0.4 4.8 -5 -2 1
34.9 0 0 15.5 0.2 4.9 -5 -2 1
35 0 0 15 8.29573e-13 5 -5 -2 1
35.1 0 0 14.5 0.2 5.1 -5 2 1
35.2 0 0 14 0.4 5.2 -5 2 1
35.3 0 0 13.5 0.6 5.3 -5 2 1
35.4 0 0 13 0.8 5.4 -5 2 1
35.5 0 0 12.5 1 5.5 -5 2 1
35.6 0 0 12 1.2 5.6 -5 2 1
35.7 0 0 11.5 1.4 5.7 -5 2 1
35.8 0 0 11 1.6 5.8 -5 2 1
35.9 0 0 10.5 1.8 5.9 -5 2 1
36 0 0 10 2 6 -5 2 1
36.1 0 0 9.5 2.2 6.1 -5 2 1
36.2 0 0 9 2.4 6.2 -5 2 1
36.3 0 0 8.5 2.6 6.3 -5 2 1
36.4 0 0 8 2.8 6.4 -5 2 1
36.5 0 0 7.5 3 6.5 -5 2 1
36.6 0 0 7 3.2 6.6 -5 2 1
36.7 0 0 6.5 3.4 6.7 -5 2 1
36.8 0 0 6 3.6 6.8 -5 2 1
36.9 0 0 5.5 3.8 6.9 -5 2 1
37 0 0 5 4 7 -5 2 1
37.1 0 0 4.5 4.2 7.1 -5 2 1
37.2 0 0 4 4.4 7.2 -5 2 1
37.3 0 0 3.5 4.6 7.3 -5 2 1
37.4 0 0 3 4.8 7.4 -5 2 1
37.5 0 0 2.5 5 7.5 -5 2 1
37.6 0 0 2 5.2 7.6 -5 2 1
37.7 0 0 1.5 5.4 7.7 -5 2 1
37.8 0 0 1 5.6 7.8 -5 2 1
37.9 0 0 0.5 5.8 7.9 -5 2 1
38 0 0 2.90083e-12 6 8 5 2 1
38.1 0 0 0.5 6.2 8.1 5 2 1
38.2 0 0 1 6.4 8.2 5 2 1
38.3 0 0 1.5 6.6 8.3 5 2 1
38.4 0 0 2 6.8 8.4 5 2 1
38.5 0 0 2.5 7 8.5 5 2 1
38.6 0 0 3 7.2 8.6 5 2 1
38.7 0 0 3.5 7.4 8.7 5 2 1
38.8 0 0 4 7.6 8.8 5 2 1
38.9 0 0 4.5 7.8 8.9 5 2 1
39 0 0 5 8 9 5 2 1
39.1 0 0 5.5 8.2 9.1 5 2 1
39.2 0 0 6 8.4 9.2 5 2 1
39.3 0 0 6.5 8.6 9.3 5 2 1
39.4 0 0 7 8.8 9.4 5 2 1
39.5 0 0 7.5 9 9.5 5 2 1
39.6 0 0 8 9.2 9.6 5 2 1
39.7 0 0 8.5 9.4 9.7 5 2 1
39.8 0 0 9 9.6 9.8 5 2 1
39.9 0 0 9.5 9.8 9.9 5 2 1
