0 0 0 8.5 11.5 10 0.5 0 0
0 1 0 11.5 8.5 10 -0.5 0 0
0.1 0 0 8.55001 11.5 10 0.500216 -0.000219886 0
0.1 1 0 11.45 8.50001 10 -0.500216 0.000219886 0
0.2 0 0 8.60004 11.5 10 0.500455 -0.000471128 0
0.2 1 0 11.4 8.50005 10 -0.500455 0.000471128 0
0.3 0 0 8.6501 11.4999 10 0.500718 -0.000758164 0
0.3 1 0 11.3499 8.50011 10 -0.500718 0.000758164 0
0.4 0 0 8.70019 11.4998 10 0.501007 -0.001086 0
0.4 1 0 11.2998 8.5002 10 -0.501007 0.001086 0
0.5 0 0 8.75031 11.4997 10 0.501325 -0.00146027 0
0.5 1 0 11.2497 8.50033 10 -0.501325 0.00146027 0
0.6 0 0 8.80046 11.4995 10 0.501674 -0.00188726 0
0.6 1 0 11.1995 8.50049 10 -0.501674 0.00188726 0
0.7 0 0 8.85064 11.4993 10 0.502055 -0.00237401 0
0.7 1 0 11.1494 8.50071 10 -0.502055 0.00237401 0
0.8 0 0 8.90087 11.499 10 0.502471 -0.00292827 0
0.8 1 0 11.0991 8.50097 10 -0.502471 0.00292827 0
0.9 0 0 8.95114 11.4987 10 0.502922 -0.00355859 0
0.9 1 0 11.0489 8.50129 10 -0.502922 0.00355859 0
1 0 0 9.00145 11.4983 10 0.503411 -0.00427429 0
1 1 0 10.9985 8.50169 10 -0.503411 0.00427429 0
1.1 0 0 9.05182 11.4978 10 0.503938 -0.00508546 0
1.1 1 0 10.9482 8.50215 10 -0.503938 0.00508546 0
1.2 0 0 9.10224 11.4973 10 0.504503 -0.00600291 0
1.2 1 0 10.8978 8.50271 10 -0.504503 0.00600291 0
1.3 0 0 9.15272 11.4966 10 0.505106 -0.00703805 0
1.3 1 0 10.8473 8.50336 10 -0.505106 0.00703805 0
1.4 0 0 9.20327 11.4959 10 0.505746 -0.00820282 0
1.4 1 0 10.7967 8.50412 10 -0.505746 0.00820282 0
1.5 0 0 9.25388 11.495 10 0.50642 -0.00950947 0
1.5 1 0 10.7461 8.50501 10 -0.50642 0.00950947 0
1.6 0 0 9.30455 11.494 10 0.507124 -0.0109703 0
1.6 1 0 10.6954 8.50603 10 -0.507124 0.0109703 0
1.7 0 0 9.3553 11.4928 10 0.507854 -0.0125975 0
1.7 1 0 10.6447 8.50721 10 -0.507854 0.0125975 0
1.8 0 0 9.40612 11.4914 10 0.508603 -0.0144025 0
1.8 1 0 10.5939 8.50856 10 -0.508603 0.0144025 0
1.9 0 0 9.45702 11.4899 10 0.509363 -0.0163959 0
1.9 1 0 10.543 8.51009 10 -0.509363 0.0163959 0
2 0 0 9.508 11.4882 10 0.510124 -0.0185869 0
2 1 0 10.492 8.51184 10 -0.510124 0.0185869 0
2.1 0 0 9.55905 11.4862 10 0.510876 -0.0209825 0
2.1 1 0 10.441 8.51382 10 -0.510876 0.0209825 0
2.2 0 0 9.61017 11.484 10 0.511604 -0.0235875 0
2.2 1 0 10.3898 8.51605 10 -0.511604 0.0235875 0
2.3 0 0 9.66137 11.4815 10 0.512296 -0.0264036 0
2.3 1 0 10.3386 8.51855 10 -0.512296 0.0264036 0
2.4 0 0 9.71263 11.4787 10 0.512935 -0.0294289 0
2.4 1 0 10.2874 8.52134 10 -0.512935 0.0294289 0
2.5 0 0 9.76395 11.4756 10 0.513507 -0.032658 0
2.5 1 0 10.236 8.52444 10 -0.513507 0.032658 0
2.6 0 0 9.81533 11.4721 10 0.513996 -0.0360811 0
2.6 1 0 10.1847 8.52788 10 -0.513996 0.0360811 0
2.7 0 0 9.86675 11.4683 10 0.514386 -0.039684 0
2.7 1 0 10.1332 8.53167 10 -0.514386 0.039684 0
2.8 0 0 9.9182 11.4642 10 0.514662 -0.0434485 0
2.8 1 0 10.0818 8.53583 10 -0.514662 0.0434485 0
2.9 0 0 9.96968 11.4596 10 0.514812 -0.0473521 0
2.9 1 0 10.0303 8.54037 10 -0.514812 0.0473521 0
3 0 0 10.0212 11.4547 10 0.514825 -0.0513685 0
3 1 0 9.97884 8.54531 10 -0.514825 0.0513685 0
3.1 0 0 10.0726 11.4494 10 0.514693 -0.0554684 0
3.1 1 0 9.92736 8.55065 10 -0.514693 0.0554684 0
3.2 0 0 10.1241 11.4436 10 0.514411 -0.0596198 0
3.2 1 0 9.8759 8.55641 10 -0.514411 0.0596198 0
3.3 0 0 10.1755 11.4374 10 0.513978 -0.0637894 0
3.3 1 0 9.82448 8.56258 10 -0.513978 0.0637894 0
3.4 0 0 10.2269 11.4308 10 0.513396 -0.0679431 0
3.4 1 0 9.77311 8.56917 10 -0.513396 0.0679431 0
3.5 0 0 10.2782 11.4238 10 0.512671 -0.0720472 0
3.5 1 0 9.72181 8.57617 10 -0.512671 0.0720472 0
3.6 0 0 10.3294 11.4164 10 0.511812 -0.0760693 0
3.6 1 0 9.67059 8.58358 10 -0.511812 0.0760693 0
3.7 0 0 10.3805 11.4086 10 0.51083 -0.0799794 0
3.7 1 0 9.61945 8.59138 10 -0.51083 0.0799794 0
3.8 0 0 10.4316 11.4004 10 0.509741 -0.0837503 0
3.8 1 0 9.56842 8.59957 10 -0.509741 0.0837503 0
3.9 0 0 10.4825 11.3919 10 0.508561 -0.0873588 0
3.9 1 0 9.51751 8.60813 10 -0.508561 0.0873588 0
4 0 0 10.5333 11.383 10 0.507308 -0.0907853 0
4 1 0 9.46672 8.61704 10 -0.507308 0.0907853 0
4.1 0 0 10.5839 11.3737 10 0.506 -0.0940151 0
4.1 1 0 9.41605 8.62628 10 -0.506 0.0940151 0
4.2 0 0 10.6345 11.3642 10 0.504656 -0.0970377 0
4.2 1 0 9.36552 8.63584 10 -0.504656 0.0970377 0
4.3 0 0 10.6849 11.3543 10 0.503294 -0.0998467 0
4.3 1 0 9.31512 8.64569 10 -0.503294 0.0998467 0
4.4 0 0 10.7351 11.3442 10 0.501931 -0.10244 0
4.4 1 0 9.26486 8.65581 10 -0.501931 0.10244 0
4.5 0 0 10.7853 11.3338 10 0.500581 -0.104819 0
4.5 1 0 9.21474 8.66617 10 -0.500581 0.104819 0
4.6 0 0 10.8353 11.3232 10 0.499259 -0.106989 0
4.6 1 0 9.16474 8.67676 10 -0.499259 0.106989 0
4.7 0 0 10.8851 11.3124 10 0.497976 -0.108956 0
4.7 1 0 9.11488 8.68756 10 -0.497976 0.108956 0
4.8 0 0 10.9349 11.3014 10 0.496741 -0.110731 0
4.8 1 0 9.06515 8.69855 10 -0.496741 0.110731 0
4.9 0 0 10.9845 11.2903 10 0.495562 -0.112324 0
4.9 1 0 9.01554 8.70971 10 -0.495562 0.112324 0
5 0 0 11.034 11.279 10 0.494445 -0.113747 0
5 1 0 8.96604 8.72101 10 -0.494445 0.113747 0
5.1 0 0 11.0834 11.2675 10 0.493393 -0.115014 0
5.1 1 0 8.91665 8.73245 10 -0.493393 0.115014 0
5.2 0 0 11.1326 11.256 10 0.492408 -0.116136 0
5.2 1 0 8.86736 8.74401 10 -0.492408 0.116136 0
5.3 0 0 11.1818 11.2443 10 0.491492 -0.117127 0
5.3 1 0 8.81816 8.75568 10 -0.491492 0.117127 0
5.4 0 0 11.2309 11.2326 10 0.490642 -0.118 0
5.4 1 0 8.76906 8.76743 10 -0.490642 0.118 0
5.5 0 0 11.28 11.2207 10 0.489859 -0.118766 0
5.5 1 0 8.72003 8.77927 10 -0.489859 0.118766 0
5.6 0 0 11.3289 11.2088 10 0.489139 -0.119436 0
5.6 1 0 8.67108 8.79118 10 -0.489139 0.119436 0
5.7 0 0 11.3778 11.1968 10 0.48848 -0.120022 0
5.7 1 0 8.6222 8.80316 10 -0.48848 0.120022 0
5.8 0 0 11.4266 11.1848 10 0.487879 -0.120533 0
5.8 1 0 8.57339 8.81519 10 -0.487879 0.120533 0
5.9 0 0 11.4754 11.1727 10 0.487332 -0.120978 0
5.9 1 0 8.52463 8.82726 10 -0.487332 0.120978 0
6 0 0 11.5241 11.1606 10 0.486835 -0.121365 0
6 1 0 8.47592 8.83938 10 -0.486835 0.121365 0
6.1 0 0 11.5727 11.1485 10 0.486386 -0.1217 0
6.1 1 0 8.42726 8.85153 10 -0.486386 0.1217 0
6.2 0 0 11.6214 11.1363 10 0.485979 -0.121991 0
6.2 1 0 8.37864 8.86372 10 -0.485979 0.121991 0
6.3 0 0 11.6699 11.1241 10 0.485612 -0.122244 0
6.3 1 0 8.33006 8.87593 10 -0.485612 0.122244 0
6.4 0 0 11.7185 11.1118 10 0.485281 -0.122462 0
6.4 1 0 8.28152 8.88817 10 -0.485281 0.122462 0
6.5 0 0 11.767 11.0996 10 0.484983 -0.122651 0
6.5 1 0 8.233 8.90042 10 -0.484983 0.122651 0
6.6 0 0 11.8155 11.0873 10 0.484715 -0.122815 0
6.6 1 0 8.18452 8.9127 10 -0.484715 0.122815 0
6.7 0 0 11.8639 11.075 10 0.484474 -0.122956 0
6.7 1 0 8.13606 8.92499 10 -0.484474 0.122956 0
6.8 0 0 11.9124 11.0627 10 0.484258 -0.123079 0
6.8 1 0 8.08762 8.93729 10 -0.484258 0.123079 0
6.9 0 0 11.9608 11.0504 10 0.484064 -0.123185 0
6.9 1 0 8.03921 8.9496 10 -0.484064 0.123185 0
7 0 0 12.0092 11.0381 10 0.483889 -0.123277 0
7 1 0 7.99081 8.96192 10 -0.483889 0.123277 0
7.1 0 0 12.0576 11.0257 10 0.483732 -0.123356 0
7.1 1 0 7.94243 8.97426 10 -0.483732 0.123356 0
7.2 0 0 12.1059 11.0134 10 0.483592 -0.123425 0
7.2 1 0 7.89406 8.9866 10 -0.483592 0.123425 0
7.3 0 0 12.1543 11.0011 10 0.483466 -0.123485 0
7.3 1 0 7.84571 8.99894 10 -0.483466 0.123485 0
7.4 0 0 12.2026 10.9887 10 0.483352 -0.123537 0
7.4 1 0 7.79737 9.01129 10 -0.483352 0.123537 0
7.5 0 0 12.251 10.9764 10 0.483251 -0.123582 0
7.5 1 0 7.74904 9.02365 10 -0.483251 0.123582 0
7.6 0 0 12.2993 10.964 10 0.483159 -0.123621 0
7.6 1 0 7.70072 9.03601 10 -0.483159 0.123621 0
7.7 0 0 12.3476 10.9516 10 0.483077 -0.123655 0
7.7 1 0 7.65241 9.04837 10 -0.483077 0.123655 0
7.8 0 0 12.3959 10.9393 10 0.483003 -0.123684 0
7.8 1 0 7.6041 9.06074 10 -0.483003 0.123684 0
7.9 0 0 12.4442 10.9269 10 0.482936 -0.12371 0
7.9 1 0 7.55581 9.07311 10 -0.482936 0.12371 0
8 0 0 12.4925 10.9145 10 0.482876 -0.123732 0
8 1 0 7.50752 9.08548 10 -0.482876 0.123732 0
8.1 0 0 12.5408 10.9021 10 0.482823 -0.123752 0
8.1 1 0 7.45923 9.09786 10 -0.482823 0.123752 0
8.2 0 0 12.589 10.8898 10 0.482774 -0.123769 0
8.2 1 0 7.41095 9.11023 10 -0.482774 0.123769 0
8.3 0 0 12.6373 10.8774 10 0.48273 -0.123784 0
8.3 1 0 7.36268 9.12261 10 -0.48273 0.123784 0
8.4 0 0 12.6856 10.865 10 0.48269 -0.123797 0
8.4 1 0 7.31441 9.13499 10 -0.48269 0.123797 0
8.5 0 0 12.7339 10.8526 10 0.482655 -0.123808 0
8.5 1 0 7.26614 9.14737 10 -0.482655 0.123808 0
8.6 0 0 12.7821 10.8403 10 0.482622 -0.123818 0
8.6 1 0 7.21788 9.15975 10 -0.482622 0.123818 0
8.7 0 0 12.8304 10.8279 10 0.482593 -0.123827 0
8.7 1 0 7.16961 9.17213 10 -0.482593 0.123827 0
8.8 0 0 12.8786 10.8155 10 0.482566 -0.123834 0
8.8 1 0 7.12136 9.18452 10 -0.482566 0.123834 0
8.9 0 0 12.9269 10.8031 10 0.482542 -0.123841 0
8.9 1 0 7.0731 9.1969 10 -0.482542 0.123841 0
9 0 0 12.9752 10.7907 10 0.482521 -0.123847 0
9 1 0 7.02485 9.20928 10 -0.482521 0.123847 0
9.1 0 0 13.0234 10.7783 10 0.482501 -0.123852 0
9.1 1 0 6.9766 9.22167 10 -0.482501 0.123852 0
9.2 0 0 13.0717 10.7659 10 0.482483 -0.123857 0
9.2 1 0 6.92835 9.23405 10 -0.482483 0.123857 0
9.3 0 0 13.1199 10.7536 10 0.482466 -0.123861 0
9.3 1 0 6.8801 9.24644 10 -0.482466 0.123861 0
9.4 0 0 13.1681 10.7412 10 0.482452 -0.123864 0
9.4 1 0 6.83185 9.25883 10 -0.482452 0.123864 0
9.5 0 0 13.2164 10.7288 10 0.482438 -0.123867 0
9.5 1 0 6.78361 9.27121 10 -0.482438 0.123867 0
9.6 0 0 13.2646 10.7164 10 0.482426 -0.12387 0
9.6 1 0 6.73537 9.2836 10 -0.482426 0.12387 0
9.7 0 0 13.3129 10.704 10 0.482414 -0.123872 0
9.7 1 0 6.68713 9.29599 10 -0.482414 0.123872 0
9.8 0 0 13.3611 10.6916 10 0.482404 -0.123875 0
9.8 1 0 6.63888 9.30837 10 -0.482404 0.123875 0
9.9 0 0 13.4094 10.6792 10 0.482395 -0.123876 0
9.9 1 0 6.59064 9.32076 10 -0.482395 0.123876 0
10 0 0 13.4576 10.6669 10 0.482386 -0.123878 0
10 1 0 6.54241 9.33315 10 -0.482386 0.123878 0
10.1 0 0 13.5058 10.6545 10 0.482378 -0.12388 0
10.1 1 0 6.49417 9.34554 10 -0.482378 0.12388 0
10.2 0 0 13.5541 10.6421 10 0.482371 -0.123881 0
10.2 1 0 6.44593 9.35793 10 -0.482371 0.123881 0
10.3 0 0 13.6023 10.6297 10 0.482364 -0.123882 0
10.3 1 0 6.39769 9.37031 10 -0.482364 0.123882 0
10.4 0 0 13.6505 10.6173 10 0.482358 -0.123883 0
10.4 1 0 6.34946 9.3827 10 -0.482358 0.123883 0
10.5 0 0 13.6988 10.6049 10 0.482353 -0.123884 0
10.5 1 0 6.30122 9.39509 10 -0.482353 0.123884 0
10.6 0 0 13.747 10.5925 10 0.482348 -0.123885 0
10.6 1 0 6.25299 9.40748 10 -0.482348 0.123885 0
10.7 0 0 13.7952 10.5801 10 0.482343 -0.123886 0
10.7 1 0 6.20475 9.41987 10 -0.482343 0.123886 0
10.8 0 0 13.8435 10.5677 10 0.482339 -0.123886 0
10.8 1 0 6.15652 9.43226 10 -0.482339 0.123886 0
10.9 0 0 13.8917 10.5554 10 0.482335 -0.123887 0
10.9 1 0 6.10828 9.44464 10 -0.482335 0.123887 0
11 0 0 13.9399 10.543 10 0.482331 -0.123887 0
11 1 0 6.06005 9.45703 10 -0.482331 0.123887 0
11.1 0 0 13.9882 10.5306 10 0.482327 -0.123888 0
11.1 1 0 6.01182 9.46942 10 -0.482327 0.123888 0
11.2 0 0 14.0364 10.5182 10 0.482324 -0.123888 0
11.2 1 0 5.96359 9.48181 10 -0.482324 0.123888 0
11.3 0 0 14.0846 10.5058 10 0.482321 -0.123889 0
11.3 1 0 5.91535 9.4942 10 -0.482321 0.123889 0
11.4 0 0 14.1329 10.4934 10 0.482319 -0.123889 0
11.4 1 0 5.86712 9.50659 10 -0.482319 0.123889 0
11.5 0 0 14.1811 10.481 10 0.482316 -0.123889 0
11.5 1 0 5.81889 9.51898 10 -0.482316 0.123889 0
11.6 0 0 14.2293 10.4686 10 0.482314 -0.12389 0
11.6 1 0 5.77066 9.53137 10 -0.482314 0.12389 0
11.7 0 0 14.2776 10.4562 10 0.482312 -0.12389 0
11.7 1 0 5.72243 9.54375 10 -0.482312 0.12389 0
11.8 0 0 14.3258 10.4439 10 0.48231 -0.12389 0
11.8 1 0 5.6742 9.55614 10 -0.48231 0.12389 0
11.9 0 0 14.374 10.4315 10 0.482308 -0.12389 0
11.9 1 0 5.62596 9.56853 10 -0.482308 0.12389 0
12 0 0 14.4223 10.4191 10 0.482306 -0.12389 0
12 1 0 5.57773 9.58092 10 -0.482306 0.12389 0
12.1 0 0 14.4705 10.4067 10 0.482305 -0.12389 0
12.1 1 0 5.5295 9.59331 10 -0.482305 0.12389 0
12.2 0 0 14.5187 10.3943 10 0.482303 -0.123891 0
12.2 1 0 5.48127 9.6057 10 -0.482303 0.123891 0
12.3 0 0 14.567 10.3819 10 0.482302 -0.123891 0
12.3 1 0 5.43304 9.61809 10 -0.482302 0.123891 0
12.4 0 0 14.6152 10.3695 10 0.482301 -0.123891 0
12.4 1 0 5.38481 9.63048 10 -0.482301 0.123891 0
12.5 0 0 14.6634 10.3571 10 0.482299 -0.123891 0
12.5 1 0 5.33658 9.64287 10 -0.482299 0.123891 0
12.6 0 0 14.7116 10.3447 10 0.482298 -0.123891 0
12.6 1 0 5.28835 9.65526 10 -0.482298 0.123891 0
12.7 0 0 14.7599 10.3324 10 0.482297 -0.123891 0
12.7 1 0 5.24012 9.66765 10 -0.482297 0.123891 0
12.8 0 0 14.8081 10.32 10 0.482296 -0.123891 0
12.8 1 0 5.19189 9.68003 10 -0.482296 0.123891 0
12.9 0 0 14.8563 10.3076 10 0.482295 -0.123891 0
12.9 1 0 5.14366 9.69242 10 -0.482295 0.123891 0
13 0 0 14.9046 10.2952 10 0.482295 -0.123891 0
13 1 0 5.09543 9.70481 10 -0.482295 0.123891 0
13.1 0 0 14.9528 10.2828 10 0.482294 -0.123891 0
13.1 1 0 5.0472 9.7172 10 -0.482294 0.123891 0
13.2 0 0 15.001 10.2704 10 0.482293 -0.123891 0
13.2 1 0 4.99898 9.72959 10 -0.482293 0.123891 0
13.3 0 0 15.0493 10.258 10 0.482292 -0.123891 0
13.3 1 0 4.95075 9.74198 10 -0.482292 0.123891 0
13.4 0 0 15.0975 10.2456 10 0.482292 -0.123891 0
13.4 1 0 4.90252 9.75437 10 -0.482292 0.123891 0
13.5 0 0 15.1457 10.2332 10 0.482291 -0.123891 0
13.5 1 0 4.85429 9.76676 10 -0.482291 0.123891 0
13.6 0 0 15.1939 10.2209 10 0.482291 -0.123891 0
13.6 1 0 4.80606 9.77915 10 -0.482291 0.123891 0
13.7 0 0 15.2422 10.2085 10 0.48229 -0.123891 0
13.7 1 0 4.75783 9.79154 10 -0.48229 0.123891 0
13.8 0 0 15.2904 10.1961 10 0.48229 -0.123892 0
13.8 1 0 4.7096 9.80393 10 -0.48229 0.123892 0
13.9 0 0 15.3386 10.1837 10 0.482289 -0.123892 0
13.9 1 0 4.66137 9.81632 10 -0.482289 0.123892 0
14 0 0 15.3869 10.1713 10 0.482289 -0.123892 0
14 1 0 4.61314 9.8287 10 -0.482289 0.123892 0
14.1 0 0 15.4351 10.1589 10 0.482288 -0.123892 0
14.1 1 0 4.56491 9.84109 10 -0.482288 0.123892 0
14.2 0 0 15.4833 10.1465 10 0.482288 -0.123892 0
14.2 1 0 4.51669 9.85348 10 -0.482288 0.123892 0
14.3 0 0 15.5315 10.1341 10 0.482287 -0.123892 0
14.3 1 0 4.46846 9.86587 10 -0.482287 0.123892 0
14.4 0 0 15.5798 10.1217 10 0.482287 -0.123892 0
14.4 1 0 4.42023 9.87826 10 -0.482287 0.123892 0
14.5 0 0 15.628 10.1094 10 0.482287 -0.123892 0
14.5 1 0 4.372 9.89065 10 -0.482287 0.123892 0
14.6 0 0 15.6762 10.097 10 0.482286 -0.123892 0
14.6 1 0 4.32377 9.90304 10 -0.482286 0.123892 0
14.7 0 0 15.7245 10.0846 10 0.482286 -0.123892 0
14.7 1 0 4.27554 9.91543 10 -0.482286 0.123892 0
14.8 0 0 15.7727 10.0722 10 0.482286 -0.123892 0
14.8 1 0 4.22731 9.92782 10 -0.482286 0.123892 0
14.9 0 0 15.8209 10.0598 10 0.482286 -0.123892 0
14.9 1 0 4.17908 9.94021 10 -0.482286 0.123892 0
15 0 0 15.8691 10.0474 10 0.482285 -0.123892 0
15 1 0 4.13086 9.9526 10 -0.482285 0.123892 0
15.1 0 0 15.9174 10.035 10 0.482285 -0.123892 0
15.1 1 0 4.08263 9.96498 10 -0.482285 0.123892 0
15.2 0 0 15.9656 10.0226 10 0.482285 -0.123892 0
15.2 1 0 4.0344 9.97737 10 -0.482285 0.123892 0
15.3 0 0 16.0138 10.0102 10 0.482285 -0.123892 0
15.3 1 0 3.98617 9.98976 10 -0.482285 0.123892 0
15.4 0 0 16.0621 9.99785 10 0.482285 -0.123892 0
15.4 1 0 3.93794 10.0022 10 -0.482285 0.123892 0
15.5 0 0 16.1103 9.98546 10 0.482284 -0.123892 0
15.5 1 0 3.88971 10.0145 10 -0.482284 0.123892 0
15.6 0 0 16.1585 9.97307 10 0.482284 -0.123892 0
15.6 1 0 3.84149 10.0269 10 -0.482284 0.123892 0
15.7 0 0 16.2067 9.96068 10 0.482284 -0.123892 0
15.7 1 0 3.79326 10.0393 10 -0.482284 0.123892 0
15.8 0 0 16.255 9.94829 10 0.482284 -0.123892 0
15.8 1 0 3.74503 10.0517 10 -0.482284 0.123892 0
15.9 0 0 16.3032 9.9359 10 0.482284 -0.123892 0
15.9 1 0 3.6968 10.0641 10 -0.482284 0.123892 0
16 0 0 16.3514 9.92351 10 0.482284 -0.123892 0
16 1 0 3.64857 10.0765 10 -0.482284 0.123892 0
16.1 0 0 16.3997 9.91112 10 0.482283 -0.123892 0
16.1 1 0 3.60034 10.0889 10 -0.482283 0.123892 0
16.2 0 0 16.4479 9.89873 10 0.482283 -0.123892 0
16.2 1 0 3.55211 10.1013 10 -0.482283 0.123892 0
16.3 0 0 16.4961 9.88635 10 0.482283 -0.123892 0
16.3 1 0 3.50389 10.1137 10 -0.482283 0.123892 0
16.4 0 0 16.5443 9.87396 10 0.482283 -0.123892 0
16.4 1 0 3.45566 10.126 10 -0.482283 0.123892 0
16.5 0 0 16.5926 9.86157 10 0.482283 -0.123892 0
16.5 1 0 3.40743 10.1384 10 -0.482283 0.123892 0
16.6 0 0 16.6408 9.84918 10 0.482283 -0.123892 0
16.6 1 0 3.3592 10.1508 10 -0.482283 0.123892 0
16.7 0 0 16.689 9.83679 10 0.482283 -0.123892 0
16.7 1 0 3.31097 10.1632 10 -0.482283 0.123892 0
16.8 0 0 16.7373 9.8244 10 0.482283 -0.123892 0
16.8 1 0 3.26274 10.1756 10 -0.482283 0.123892 0
16.9 0 0 16.7855 9.81201 10 0.482283 -0.123892 0
16.9 1 0 3.21452 10.188 10 -0.482283 0.123892 0
17 0 0 16.8337 9.79962 10 0.482283 -0.123892 0
17 1 0 3.16629 10.2004 10 -0.482283 0.123892 0
17.1 0 0 16.8819 9.78723 10 0.482282 -0.123892 0
17.1 1 0 3.11806 10.2128 10 -0.482282 0.123892 0
17.2 0 0 16.9302 9.77484 10 0.482282 -0.123892 0
17.2 1 0 3.06983 10.2252 10 -0.482282 0.123892 0
17.3 0 0 16.9784 9.76245 10 0.482282 -0.123892 0
17.3 1 0 3.0216 10.2375 10 -0.482282 0.123892 0
17.4 0 0 17.0266 9.75006 10 0.482282 -0.123892 0
17.4 1 0 2.97338 10.2499 10 -0.482282 0.123892 0
17.5 0 0 17.0749 9.73768 10 0.482282 -0.123892 0
17.5 1 0 2.92515 10.2623 10 -0.482282 0.123892 0
17.6 0 0 17.1231 9.72529 10 0.482282 -0.123892 0
17.6 1 0 2.87692 10.2747 10 -0.482282 0.123892 0
17.7 0 0 17.1713 9.7129 10 0.482282 -0.123892 0
17.7 1 0 2.82869 10.2871 10 -0.482282 0.123892 0
17.8 0 0 17.2195 9.70051 10 0.482282 -0.123892 0
17.8 1 0 2.78046 10.2995 10 -0.482282 0.123892 0
17.9 0 0 17.2678 9.68812 10 0.482282 -0.123892 0
17.9 1 0 2.73223 10.3119 10 -0.482282 0.123892 0
18 0 0 17.316 9.67573 10 0.482282 -0.123892 0
18 1 0 2.68401 10.3243 10 -0.482282 0.123892 0
18.1 0 0 17.3642 9.66334 10 0.482282 -0.123892 0
18.1 1 0 2.63578 10.3367 10 -0.482282 0.123892 0
18.2 0 0 17.4125 9.65095 10 0.482282 -0.123892 0
18.2 1 0 2.58755 10.349 10 -0.482282 0.123892 0
18.3 0 0 17.4607 9.63856 10 0.482282 -0.123892 0
18.3 1 0 2.53932 10.3614 10 -0.482282 0.123892 0
18.4 0 0 17.5089 9.62617 10 0.482282 -0.123892 0
18.4 1 0 2.49109 10.3738 10 -0.482282 0.123892 0
18.5 0 0 17.5571 9.61378 10 0.482282 -0.123892 0
18.5 1 0 2.44287 10.3862 10 -0.482282 0.123892 0
18.6 0 0 17.6054 9.60139 10 0.482282 -0.123892 0
18.6 1 0 2.39464 10.3986 10 -0.482282 0.123892 0
18.7 0 0 17.6536 9.58901 10 0.482282 -0.123892 0
18.7 1 0 2.34641 10.411 10 -0.482282 0.123892 0
18.8 0 0 17.7018 9.57662 10 0.482282 -0.123892 0
18.8 1 0 2.29818 10.4234 10 -0.482282 0.123892 0
18.9 0 0 17.75 9.56423 10 0.482282 -0.123892 0
18.9 1 0 2.24995 10.4358 10 -0.482282 0.123892 0
19 0 0 17.7983 9.55184 10 0.482282 -0.123892 0
19 1 0 2.20172 10.4482 10 -0.482282 0.123892 0
19.1 0 0 17.8465 9.53945 10 0.482282 -0.123892 0
19.1 1 0 2.1535 10.4606 10 -0.482282 0.123892 0
19.2 0 0 17.8947 9.52706 10 0.482281 -0.123892 0
19.2 1 0 2.10527 10.4729 10 -0.482281 0.123892 0
19.3 0 0 17.943 9.51467 10 0.482281 -0.123892 0
19.3 1 0 2.05704 10.4853 10 -0.482281 0.123892 0
19.4 0 0 17.9912 9.50228 10 0.482281 -0.123892 0
19.4 1 0 2.00881 10.4977 10 -0.482281 0.123892 0
19.5 0 0 18.0394 9.48989 10 0.482281 -0.123892 0
19.5 1 0 1.96058 10.5101 10 -0.482281 0.123892 0
19.6 0 0 18.0876 9.4775 10 0.482281 -0.123892 0
19.6 1 0 1.91236 10.5225 10 -0.482281 0.123892 0
19.7 0 0 18.1359 9.46511 10 0.482281 -0.123892 0
19.7 1 0 1.86413 10.5349 10 -0.482281 0.123892 0
19.8 0 0 18.1841 9.45272 10 0.482281 -0.123892 0
19.8 1 0 1.8159 10.5473 10 -0.482281 0.123892 0
19.9 0 0 18.2323 9.44034 10 0.482281 -0.123892 0
19.9 1 0 1.76767 10.5597 10 -0.482281 0.123892 0
20 0 0 18.2806 9.42795 10 0.482281 -0.123892 0
20 1 0 1.71944 10.5721 10 -0.482281 0.123892 0
20.1 0 0 18.3288 9.41556 10 0.482281 -0.123892 0
20.1 1 0 1.67121 10.5844 10 -0.482281 0.123892 0
20.2 0 0 18.377 9.40317 10 0.482281 -0.123892 0
20.2 1 0 1.62299 10.5968 10 -0.482281 0.123892 0
20.3 0 0 18.4252 9.39078 10 0.482281 -0.123892 0
20.3 1 0 1.57476 10.6092 10 -0.482281 0.123892 0
20.4 0 0 18.4735 9.37839 10 0.482281 -0.123892 0
20.4 1 0 1.52653 10.6216 10 -0.482281 0.123892 0
20.5 0 0 18.5217 9.366 10 0.482281 -0.123892 0
20.5 1 0 1.4783 10.634 10 -0.482281 0.123892 0
20.6 0 0 18.5699 9.35361 10 0.482281 -0.123892 0
20.6 1 0 1.43007 10.6464 10 -0.482281 0.123892 0
20.7 0 0 18.6182 9.34122 10 0.482281 -0.123892 0
20.7 1 0 1.38185 10.6588 10 -0.482281 0.123892 0
20.8 0 0 18.6664 9.32883 10 0.482281 -0.123892 0
20.8 1 0 1.33362 10.6712 10 -0.482281 0.123892 0
20.9 0 0 18.7146 9.31644 10 0.482281 -0.123892 0
20.9 1 0 1.28539 10.6836 10 -0.482281 0.123892 0
21 0 0 18.7628 9.30405 10 0.482281 -0.123892 0
21 1 0 1.23716 10.6959 10 -0.482281 0.123892 0
21.1 0 0 18.8111 9.29167 10 0.482281 -0.123892 0
21.1 1 0 1.18893 10.7083 10 -0.482281 0.123892 0
21.2 0 0 18.8593 9.27928 10 0.482281 -0.123892 0
21.2 1 0 1.14071 10.7207 10 -0.482281 0.123892 0
21.3 0 0 18.9075 9.26689 10 0.482281 -0.123891 0
21.3 1 0 1.09248 10.7331 10 -0.482281 0.123891 0
21.4 0 0 18.9558 9.2545 10 0.482281 -0.123891 0
21.4 1 0 1.04425 10.7455 10 -0.482281 0.123891 0
21.5 0 0 19.004 9.24211 10 0.482281 -0.123891 0
21.5 1 0 0.996021 10.7579 10 -0.482281 0.123891 0
21.6 0 0 19.0522 9.22972 10 0.482281 -0.123891 0
21.6 1 0 0.947793 10.7703 10 -0.482281 0.123891 0
21.7 0 0 19.1004 9.21733 10 0.482281 -0.123891 0
21.7 1 0 0.899565 10.7827 10 -0.482281 0.123891 0
21.8 0 0 19.1487 9.20494 10 0.482281 -0.123891 0
21.8 1 0 0.851337 10.7951 10 -0.482281 0.123891 0
21.9 0 0 19.1969 9.19255 10 0.482281 -0.123891 0
21.9 1 0 0.803109 10.8074 10 -0.482281 0.123891 0
22 0 0 19.2451 9.18016 10 0.482281 -0.123891 0
22 1 0 0.754881 10.8198 10 -0.482281 0.123891 0
22.1 0 0 19.2933 9.16777 10 0.482281 -0.123891 0
22.1 1 0 0.706653 10.8322 10 -0.482281 0.123891 0
22.2 0 0 19.3416 9.15539 10 0.482281 -0.123891 0
22.2 1 0 0.658425 10.8446 10 -0.482281 0.123891 0
22.3 0 0 19.3898 9.143 10 0.482281 -0.123891 0
22.3 1 0 0.610197 10.857 10 -0.482281 0.123891 0
22.4 0 0 19.438 9.13061 10 0.482281 -0.123891 0
22.4 1 0 0.561968 10.8694 10 -0.482281 0.123891 0
22.5 0 0 19.4863 9.11822 10 0.482281 -0.123891 0
22.5 1 0 0.51374 10.8818 10 -0.482281 0.123891 0
22.6 0 0 19.5345 9.10583 10 0.482281 -0.123891 0
22.6 1 0 0.465512 10.8942 10 -0.482281 0.123891 0
22.7 0 0 19.5827 9.09344 10 0.482281 -0.123891 0
22.7 1 0 0.417284 10.9066 10 -0.482281 0.123891 0
22.8 0 0 19.6309 9.08105 10 0.482281 -0.123891 0
22.8 1 0 0.369056 10.9189 10 -0.482281 0.123891 0
22.9 0 0 19.6792 9.06866 10 0.482281 -0.123891 0
22.9 1 0 0.320828 10.9313 10 -0.482281 0.123891 0
23 0 0 19.7274 9.05627 10 0.482281 -0.123891 0
23 1 0 0.2726 10.9437 10 -0.482281 0.123891 0
23.1 0 0 19.7756 9.04388 10 0.482281 -0.123891 0
23.1 1 0 0.224372 10.9561 10 -0.482281 0.123891 0
23.2 0 0 19.8239 9.03149 10 0.482281 -0.123891 0
23.2 1 0 0.176144 10.9685 10 -0.482281 0.123891 0
23.3 0 0 19.8721 9.0191 10 0.482281 -0.123891 0
23.3 1 0 0.127916 10.9809 10 -0.482281 0.123891 0
23.4 0 0 19.9203 9.00672 10 0.482281 -0.123891 0
23.4 1 0 0.0796875 10.9933 10 -0.482281 0.123891 0
23.5 0 0 19.9685 8.99433 10 0.482281 -0.123891 0
23.5 1 0 0.0314594 11.0057 10 -0.482281 0.123891 0
23.6 0 0 19.9832 8.98194 10 -0.482281 -0.123891 0
23.6 1 0 0.0167687 11.0181 10 0.482281 0.123891 0
23.7 0 0 19.935 8.96955 10 -0.482281 -0.123891 0
23.7 1 0 0.0649968 11.0305 10 0.482281 0.123891 0
23.8 0 0 19.8868 8.95716 10 -0.482281 -0.123891 0
23.8 1 0 0.113225 11.0428 10 0.482281 0.123891 0
23.9 0 0 19.8385 8.94477 10 -0.482281 -0.123891 0
23.9 1 0 0.161453 11.0552 10 0.482281 0.123891 0
24 0 0 19.7903 8.93238 10 -0.482281 -0.123891 0
24 1 0 0.209681 11.0676 10 0.482281 0.123891 0
24.1 0 0 19.7421 8.91999 10 -0.482281 -0.123891 0
24.1 1 0 0.257909 11.08 10 0.482281 0.123891 0
24.2 0 0 19.6939 8.9076 10 -0.482281 -0.123891 0
24.2 1 0 0.306137 11.0924 10 0.482281 0.123891 0
24.3 0 0 19.6456 8.89521 10 -0.482281 -0.123891 0
24.3 1 0 0.354365 11.1048 10 0.482281 0.123891 0
24.4 0 0 19.5974 8.88282 10 -0.482281 -0.123891 0
24.4 1 0 0.402593 11.1172 10 0.482281 0.123891 0
24.5 0 0 19.5492 8.87043 10 -0.482281 -0.123891 0
24.5 1 0 0.450821 11.1296 10 0.482281 0.123891 0
24.6 0 0 19.501 8.85805 10 -0.482281 -0.123891 0
24.6 1 0 0.49905 11.142 10 0.482281 0.123891 0
24.7 0 0 19.4527 8.84566 10 -0.482281 -0.123891 0
24.7 1 0 0.547278 11.1543 10 0.482281 0.123891 0
24.8 0 0 19.4045 8.83327 10 -0.482281 -0.123891 0
24.8 1 0 0.595506 11.1667 10 0.482281 0.123891 0
24.9 0 0 19.3563 8.82088 10 -0.482281 -0.123891 0
24.9 1 0 0.643734 11.1791 10 0.482281 0.123891 0
25 0 0 19.308 8.80849 10 -0.482281 -0.123891 0
25 1 0 0.691962 11.1915 10 0.482281 0.123891 0
25.1 0 0 19.2598 8.7961 10 -0.482281 -0.123891 0
25.1 1 0 0.74019 11.2039 10 0.482281 0.123891 0
25.2 0 0 19.2116 8.78371 10 -0.482281 -0.123891 0
25.2 1 0 0.788418 11.2163 10 0.482281 0.123891 0
25.3 0 0 19.1634 8.77132 10 -0.482281 -0.123891 0
25.3 1 0 0.836646 11.2287 10 0.482281 0.123891 0
25.4 0 0 19.1151 8.75893 10 -0.482281 -0.123891 0
25.4 1 0 0.884874 11.2411 10 0.482281 0.123891 0
25.5 0 0 19.0669 8.74654 10 -0.482281 -0.123891 0
25.5 1 0 0.933102 11.2535 10 0.482281 0.123891 0
25.6 0 0 19.0187 8.73415 10 -0.482281 -0.123891 0
25.6 1 0 0.981331 11.2658 10 0.482281 0.123891 0
25.7 0 0 18.9704 8.72176 10 -0.482281 -0.123891 0
25.7 1 0 1.02956 11.2782 10 0.482281 0.123891 0
25.8 0 0 18.9222 8.70938 10 -0.482281 -0.123891 0
25.8 1 0 1.07779 11.2906 10 0.482281 0.123891 0
25.9 0 0 18.874 8.69699 10 -0.482281 -0.123891 0
25.9 1 0 1.12601 11.303 10 0.482281 0.123891 0
26 0 0 18.8258 8.6846 10 -0.482281 -0.123891 0
26 1 0 1.17424 11.3154 10 0.482281 0.123891 0
26.1 0 0 18.7775 8.67221 10 -0.482281 -0.123891 0
26.1 1 0 1.22247 11.3278 10 0.482281 0.123891 0
26.2 0 0 18.7293 8.65982 10 -0.482281 -0.123891 0
26.2 1 0 1.2707 11.3402 10 0.482281 0.123891 0
26.3 0 0 18.6811 8.64743 10 -0.482281 -0.123891 0
26.3 1 0 1.31893 11.3526 10 0.482281 0.123891 0
26.4 0 0 18.6328 8.63504 10 -0.482281 -0.123891 0
26.4 1 0 1.36716 11.365 10 0.482281 0.123891 0
26.5 0 0 18.5846 8.62265 10 -0.482281 -0.123891 0
26.5 1 0 1.41538 11.3773 10 0.482281 0.123891 0
26.6 0 0 18.5364 8.61026 10 -0.482281 -0.123891 0
26.6 1 0 1.46361 11.3897 10 0.482281 0.123891 0
26.7 0 0 18.4882 8.59787 10 -0.482281 -0.123891 0
26.7 1 0 1.51184 11.4021 10 0.482281 0.123891 0
26.8 0 0 18.4399 8.58548 10 -0.482281 -0.123891 0
26.8 1 0 1.56007 11.4145 10 0.482281 0.123891 0
26.9 0 0 18.3917 8.5731 10 -0.482281 -0.123891 0
26.9 1 0 1.6083 11.4269 10 0.482281 0.123891 0
27 0 0 18.3435 8.56071 10 -0.482281 -0.123891 0
27 1 0 1.65652 11.4393 10 0.482281 0.123891 0
27.1 0 0 18.2952 8.54832 10 -0.482281 -0.123891 0
27.1 1 0 1.70475 11.4517 10 0.482281 0.123891 0
27.2 0 0 18.247 8.53593 10 -0.482281 -0.123891 0
27.2 1 0 1.75298 11.4641 10 0.482281 0.123891 0
27.3 0 0 18.1988 8.52354 10 -0.482281 -0.123891 0
27.3 1 0 1.80121 11.4765 10 0.482281 0.123891 0
27.4 0 0 18.1506 8.51115 10 -0.482281 -0.123891 0
27.4 1 0 1.84944 11.4889 10 0.482281 0.123891 0
27.5 0 0 18.1023 8.49876 10 -0.482281 -0.123891 0
27.5 1 0 1.89766 11.5012 10 0.482281 0.123891 0
27.6 0 0 18.0541 8.48637 10 -0.482281 -0.123891 0
27.6 1 0 1.94589 11.5136 10 0.482281 0.123891 0
27.7 0 0 18.0059 8.47398 10 -0.482281 -0.123891 0
27.7 1 0 1.99412 11.526 10 0.482281 0.123891 0
27.8 0 0 17.9577 8.46159 10 -0.482281 -0.123891 0
27.8 1 0 2.04235 11.5384 10 0.482281 0.123891 0
27.9 0 0 17.9094 8.4492 10 -0.482281 -0.123891 0
27.9 1 0 2.09058 11.5508 10 0.482281 0.123891 0
28 0 0 17.8612 8.43681 10 -0.482281 -0.123891 0
28 1 0 2.13881 11.5632 10 0.482281 0.123891 0
28.1 0 0 17.813 8.42443 10 -0.482281 -0.123891 0
28.1 1 0 2.18703 11.5756 10 0.482281 0.123891 0
28.2 0 0 17.7647 8.41204 10 -0.482282 -0.123891 0
28.2 1 0 2.23526 11.588 10 0.482282 0.123891 0
28.3 0 0 17.7165 8.39965 10 -0.482282 -0.123891 0
28.3 1 0 2.28349 11.6004 10 0.482282 0.123891 0
28.4 0 0 17.6683 8.38726 10 -0.482282 -0.123891 0
28.4 1 0 2.33172 11.6127 10 0.482282 0.123891 0
28.5 0 0 17.6201 8.37487 10 -0.482282 -0.123891 0
28.5 1 0 2.37995 11.6251 10 0.482282 0.123891 0
28.6 0 0 17.5718 8.36248 10 -0.482282 -0.123891 0
28.6 1 0 2.42817 11.6375 10 0.482282 0.123891 0
28.7 0 0 17.5236 8.35009 10 -0.482282 -0.123891 0
28.7 1 0 2.4764 11.6499 10 0.482282 0.123891 0
28.8 0 0 17.4754 8.3377 10 -0.482282 -0.123891 0
28.8 1 0 2.52463 11.6623 10 0.482282 0.123891 0
28.9 0 0 17.4271 8.32531 10 -0.482282 -0.123891 0
28.9 1 0 2.57286 11.6747 10 0.482282 0.123891 0
29 0 0 17.3789 8.31292 10 -0.482282 -0.123891 0
29 1 0 2.62109 11.6871 10 0.482282 0.123891 0
29.1 0 0 17.3307 8.30053 10 -0.482282 -0.123891 0
29.1 1 0 2.66932 11.6995 10 0.482282 0.123891 0
29.2 0 0 17.2825 8.28814 10 -0.482282 -0.123891 0
29.2 1 0 2.71754 11.7119 10 0.482282 0.123891 0
29.3 0 0 17.2342 8.27576 10 -0.482282 -0.123891 0
29.3 1 0 2.76577 11.7242 10 0.482282 0.123891 0
29.4 0 0 17.186 8.26337 10 -0.482282 -0.123891 0
29.4 1 0 2.814 11.7366 10 0.482282 0.123891 0
29.5 0 0 17.1378 8.25098 10 -0.482282 -0.123891 0
29.5 1 0 2.86223 11.749 10 0.482282 0.123891 0
29.6 0 0 17.0895 8.23859 10 -0.482282 -0.123891 0
29.6 1 0 2.91046 11.7614 10 0.482282 0.123891 0
29.7 0 0 17.0413 8.2262 10 -0.482282 -0.123891 0
29.7 1 0 2.95868 11.7738 10 0.482282 0.123891 0
29.8 0 0 16.9931 8.21381 10 -0.482282 -0.123891 0
29.8 1 0 3.00691 11.7862 10 0.482282 0.123891 0
29.9 0 0 16.9449 8.20142 10 -0.482282 -0.123891 0
29.9 1 0 3.05514 11.7986 10 0.482282 0.123891 0
30 0 0 16.8966 8.18903 10 -0.482282 -0.123891 0
30 1 0 3.10337 11.811 10 0.482282 0.123891 0
30.1 0 0 16.8484 8.17664 10 -0.482282 -0.123891 0
30.1 1 0 3.1516 11.8234 10 0.482282 0.123891 0
30.2 0 0 16.8002 8.16425 10 -0.482282 -0.123891 0
30.2 1 0 3.19983 11.8357 10 0.482282 0.123891 0
30.3 0 0 16.7519 8.15186 10 -0.482282 -0.123891 0
30.3 1 0 3.24805 11.8481 10 0.482282 0.123891 0
30.4 0 0 16.7037 8.13948 10 -0.482282 -0.123891 0
30.4 1 0 3.29628 11.8605 10 0.482282 0.123891 0
30.5 0 0 16.6555 8.12709 10 -0.482283 -0.123891 0
30.5 1 0 3.34451 11.8729 10 0.482283 0.123891 0
30.6 0 0 16.6073 8.1147 10 -0.482283 -0.123891 0
30.6 1 0 3.39274 11.8853 10 0.482283 0.123891 0
30.7 0 0 16.559 8.10231 10 -0.482283 -0.123891 0
30.7 1 0 3.44097 11.8977 10 0.482283 0.123891 0
30.8 0 0 16.5108 8.08992 10 -0.482283 -0.123891 0
30.8 1 0 3.4892 11.9101 10 0.482283 0.123891 0
30.9 0 0 16.4626 8.07753 10 -0.482283 -0.123891 0
30.9 1 0 3.53742 11.9225 10 0.482283 0.123891 0
31 0 0 16.4143 8.06514 10 -0.482283 -0.123891 0
31 1 0 3.58565 11.9349 10 0.482283 0.123891 0
31.1 0 0 16.3661 8.05275 10 -0.482283 -0.123891 0
31.1 1 0 3.63388 11.9472 10 0.482283 0.123891 0
31.2 0 0 16.3179 8.04036 10 -0.482283 -0.123891 0
31.2 1 0 3.68211 11.9596 10 0.482283 0.123891 0
31.3 0 0 16.2697 8.02797 10 -0.482283 -0.123891 0
31.3 1 0 3.73034 11.972 10 0.482283 0.123891 0
31.4 0 0 16.2214 8.01558 10 -0.482283 -0.123891 0
31.4 1 0 3.77856 11.9844 10 0.482283 0.123891 0
31.5 0 0 16.1732 8.0032 10 -0.482283 -0.123891 0
31.5 1 0 3.82679 11.9968 10 0.482283 0.123891 0
31.6 0 0 16.125 7.99081 10 -0.482284 -0.123891 0
31.6 1 0 3.87502 12.0092 10 0.482284 0.123891 0
31.7 0 0 16.0768 7.97842 10 -0.482284 -0.123891 0
31.7 1 0 3.92325 12.0216 10 0.482284 0.123891 0
31.8 0 0 16.0285 7.96603 10 -0.482284 -0.123891 0
31.8 1 0 3.97148 12.034 10 0.482284 0.123891 0
31.9 0 0 15.9803 7.95364 10 -0.482284 -0.123891 0
31.9 1 0 4.01971 12.0464 10 0.482284 0.123891 0
32 0 0 15.9321 7.94125 10 -0.482284 -0.123891 0
32 1 0 4.06794 12.0587 10 0.482284 0.123891 0
32.1 0 0 15.8838 7.92886 10 -0.482284 -0.123891 0
32.1 1 0 4.11616 12.0711 10 0.482284 0.123891 0
32.2 0 0 15.8356 7.91647 10 -0.482284 -0.123891 0
32.2 1 0 4.16439 12.0835 10 0.482284 0.123891 0
32.3 0 0 15.7874 7.90408 10 -0.482285 -0.12389 0
32.3 1 0 4.21262 12.0959 10 0.482285 0.12389 0
32.4 0 0 15.7392 7.89169 10 -0.482285 -0.12389 0
32.4 1 0 4.26085 12.1083 10 0.482285 0.12389 0
32.5 0 0 15.6909 7.8793 10 -0.482285 -0.12389 0
32.5 1 0 4.30908 12.1207 10 0.482285 0.12389 0
32.6 0 0 15.6427 7.86692 10 -0.482285 -0.12389 0
32.6 1 0 4.35731 12.1331 10 0.482285 0.12389 0
32.7 0 0 15.5945 7.85453 10 -0.482285 -0.12389 0
32.7 1 0 4.40553 12.1455 10 0.482285 0.12389 0
32.8 0 0 15.5462 7.84214 10 -0.482285 -0.12389 0
32.8 1 0 4.45376 12.1579 10 0.482285 0.12389 0
32.9 0 0 15.498 7.82975 10 -0.482286 -0.12389 0
32.9 1 0 4.50199 12.1703 10 0.482286 0.12389 0
33 0 0 15.4498 7.81736 10 -0.482286 -0.12389 0
33 1 0 4.55022 12.1826 10 0.482286 0.12389 0
33.1 0 0 15.4016 7.80497 10 -0.482286 -0.12389 0
33.1 1 0 4.59845 12.195 10 0.482286 0.12389 0
33.2 0 0 15.3533 7.79258 10 -0.482286 -0.12389 0
33.2 1 0 4.64668 12.2074 10 0.482286 0.12389 0
33.3 0 0 15.3051 7.78019 10 -0.482287 -0.12389 0
33.3 1 0 4.69491 12.2198 10 0.482287 0.12389 0
33.4 0 0 15.2569 7.7678 10 -0.482287 -0.12389 0
33.4 1 0 4.74313 12.2322 10 0.482287 0.12389 0
33.5 0 0 15.2086 7.75541 10 -0.482287 -0.123889 0
33.5 1 0 4.79136 12.2446 10 0.482287 0.123889 0
33.6 0 0 15.1604 7.74303 10 -0.482287 -0.123889 0
33.6 1 0 4.83959 12.257 10 0.482287 0.123889 0
33.7 0 0 15.1122 7.73064 10 -0.482288 -0.123889 0
33.7 1 0 4.88782 12.2694 10 0.482288 0.123889 0
33.8 0 0 15.064 7.71825 10 -0.482288 -0.123889 0
33.8 1 0 4.93605 12.2818 10 0.482288 0.123889 0
33.9 0 0 15.0157 7.70586 10 -0.482288 -0.123889 0
33.9 1 0 4.98428 12.2941 10 0.482288 0.123889 0
34 0 0 14.9675 7.69347 10 -0.482289 -0.123889 0
34 1 0 5.03251 12.3065 10 0.482289 0.123889 0
34.1 0 0 14.9193 7.68108 10 -0.482289 -0.123889 0
34.1 1 0 5.08074 12.3189 10 0.482289 0.123889 0
34.2 0 0 14.871 7.66869 10 -0.482289 -0.123888 0
34.2 1 0 5.12896 12.3313 10 0.482289 0.123888 0
34.3 0 0 14.8228 7.6563 10 -0.48229 -0.123888 0
34.3 1 0 5.17719 12.3437 10 0.48229 0.123888 0
34.4 0 0 14.7746 7.64391 10 -0.48229 -0.123888 0
34.4 1 0 5.22542 12.3561 10 0.48229 0.123888 0
34.5 0 0 14.7263 7.63153 10 -0.482291 -0.123888 0
34.5 1 0 5.27365 12.3685 10 0.482291 0.123888 0
34.6 0 0 14.6781 7.61914 10 -0.482291 -0.123888 0
34.6 1 0 5.32188 12.3809 10 0.482291 0.123888 0
34.7 0 0 14.6299 7.60675 10 -0.482291 -0.123887 0
34.7 1 0 5.37011 12.3933 10 0.482291 0.123887 0
34.8 0 0 14.5817 7.59436 10 -0.482292 -0.123887 0
34.8 1 0 5.41834 12.4056 10 0.482292 0.123887 0
34.9 0 0 14.5334 7.58197 10 -0.482292 -0.123887 0
34.9 1 0 5.46657 12.418 10 0.482292 0.123887 0
35 0 0 14.4852 7.56958 10 -0.482293 -0.123887 0
35 1 0 5.5148 12.4304 10 0.482293 0.123887 0
35.1 0 0 14.437 7.55719 10 -0.482294 -0.123886 0
35.1 1 0 5.56303 12.4428 10 0.482294 0.123886 0
35.2 0 0 14.3887 7.54481 10 -0.482294 -0.123886 0
35.2 1 0 5.61126 12.4552 10 0.482294 0.123886 0
35.3 0 0 14.3405 7.53242 10 -0.482295 -0.123886 0
35.3 1 0 5.65949 12.4676 10 0.482295 0.123886 0
35.4 0 0 14.2923 7.52003 10 -0.482295 -0.123885 0
35.4 1 0 5.70772 12.48 10 0.482295 0.123885 0
35.5 0 0 14.2441 7.50764 10 -0.482296 -0.123885 0
35.5 1 0 5.75594 12.4924 10 0.482296 0.123885 0
35.6 0 0 14.1958 7.49525 10 -0.482297 -0.123884 0
35.6 1 0 5.80417 12.5047 10 0.482297 0.123884 0
35.7 0 0 14.1476 7.48286 10 -0.482298 -0.123884 0
35.7 1 0 5.8524 12.5171 10 0.482298 0.123884 0
35.8 0 0 14.0994 7.47047 10 -0.482298 -0.123883 0
35.8 1 0 5.90063 12.5295 10 0.482298 0.123883 0
35.9 0 0 14.0511 7.45809 10 -0.482299 -0.123883 0
35.9 1 0 5.94886 12.5419 10 0.482299 0.123883 0
36 0 0 14.0029 7.4457 10 -0.4823 -0.123882 0
36 1 0 5.99709 12.5543 10 0.4823 0.123882 0
36.1 0 0 13.9547 7.43331 10 -0.482301 -0.123882 0
36.1 1 0 6.04532 12.5667 10 0.482301 0.123882 0
36.2 0 0 13.9064 7.42092 10 -0.482302 -0.123881 0
36.2 1 0 6.09355 12.5791 10 0.482302 0.123881 0
36.3 0 0 13.8582 7.40853 10 -0.482303 -0.123881 0
36.3 1 0 6.14178 12.5915 10 0.482303 0.123881 0
36.4 0 0 13.81 7.39615 10 -0.482304 -0.12388 0
36.4 1 0 6.19001 12.6039 10 0.482304 0.12388 0
36.5 0 0 13.7618 7.38376 10 -0.482305 -0.123879 0
36.5 1 0 6.23825 12.6162 10 0.482305 0.123879 0
36.6 0 0 13.7135 7.37137 10 -0.482306 -0.123878 0
36.6 1 0 6.28648 12.6286 10 0.482306 0.123878 0
36.7 0 0 13.6653 7.35898 10 -0.482307 -0.123878 0
36.7 1 0 6.33471 12.641 10 0.482307 0.123878 0
36.8 0 0 13.6171 7.34659 10 -0.482308 -0.123877 0
36.8 1 0 6.38294 12.6534 10 0.482308 0.123877 0
36.9 0 0 13.5688 7.33421 10 -0.48231 -0.123876 0
36.9 1 0 6.43117 12.6658 10 0.48231 0.123876 0
37 0 0 13.5206 7.32182 10 -0.482311 -0.123875 0
37 1 0 6.4794 12.6782 10 0.482311 0.123875 0
37.1 0 0 13.4724 7.30943 10 -0.482312 -0.123874 0
37.1 1 0 6.52763 12.6906 10 0.482312 0.123874 0
37.2 0 0 13.4241 7.29704 10 -0.482314 -0.123873 0
37.2 1 0 6.57586 12.703 10 0.482314 0.123873 0
37.3 0 0 13.3759 7.28466 10 -0.482315 -0.123871 0
37.3 1 0 6.62409 12.7153 10 0.482315 0.123871 0
37.4 0 0 13.3277 7.27227 10 -0.482317 -0.12387 0
37.4 1 0 6.67232 12.7277 10 0.482317 0.12387 0
37.5 0 0 13.2794 7.25988 10 -0.482318 -0.123869 0
37.5 1 0 6.72056 12.7401 10 0.482318 0.123869 0
37.6 0 0 13.2312 7.2475 10 -0.48232 -0.123867 0
37.6 1 0 6.76879 12.7525 10 0.48232 0.123867 0
37.7 0 0 13.183 7.23511 10 -0.482322 -0.123866 0
37.7 1 0 6.81702 12.7649 10 0.482322 0.123866 0
37.8 0 0 13.1347 7.22272 10 -0.482324 -0.123864 0
37.8 1 0 6.86525 12.7773 10 0.482324 0.123864 0
37.9 0 0 13.0865 7.21034 10 -0.482326 -0.123863 0
37.9 1 0 6.91349 12.7897 10 0.482326 0.123863 0
38 0 0 13.0383 7.19795 10 -0.482328 -0.123861 0
38 1 0 6.96172 12.802 10 0.482328 0.123861 0
38.1 0 0 12.99 7.18556 10 -0.48233 -0.123859 0
38.1 1 0 7.00995 12.8144 10 0.48233 0.123859 0
38.2 0 0 12.9418 7.17318 10 -0.482332 -0.123857 0
38.2 1 0 7.05818 12.8268 10 0.482332 0.123857 0
38.3 0 0 12.8936 7.16079 10 -0.482334 -0.123855 0
38.3 1 0 7.10642 12.8392 10 0.482334 0.123855 0
38.4 0 0 12.8453 7.14841 10 -0.482336 -0.123852 0
38.4 1 0 7.15465 12.8516 10 0.482336 0.123852 0
38.5 0 0 12.7971 7.13602 10 -0.482339 -0.12385 0
38.5 1 0 7.20288 12.864 10 0.482339 0.12385 0
38.6 0 0 12.7489 7.12364 10 -0.482341 -0.123848 0
38.6 1 0 7.25112 12.8764 10 0.482341 0.123848 0
38.7 0 0 12.7006 7.11125 10 -0.482343 -0.123845 0
38.7 1 0 7.29935 12.8887 10 0.482343 0.123845 0
38.8 0 0 12.6524 7.09887 10 -0.482346 -0.123842 0
38.8 1 0 7.34759 12.9011 10 0.482346 0.123842 0
38.9 0 0 12.6042 7.08648 10 -0.482349 -0.123839 0
38.9 1 0 7.39582 12.9135 10 0.482349 0.123839 0
39 0 0 12.5559 7.0741 10 -0.482351 -0.123836 0
39 1 0 7.44406 12.9259 10 0.482351 0.123836 0
39.1 0 0 12.5077 7.06172 10 -0.482354 -0.123833 0
39.1 1 0 7.49229 12.9383 10 0.482354 0.123833 0
39.2 0 0 12.4595 7.04933 10 -0.482357 -0.123829 0
39.2 1 0 7.54053 12.9507 10 0.482357 0.123829 0
39.3 0 0 12.4112 7.03695 10 -0.48236 -0.123826 0
39.3 1 0 7.58876 12.963 10 0.48236 0.123826 0
39.4 0 0 12.363 7.02457 10 -0.482363 -0.123822 0
39.4 1 0 7.637 12.9754 10 0.482363 0.123822 0
39.5 0 0 12.3148 7.01219 10 -0.482366 -0.123818 0
39.5 1 0 7.68524 12.9878 10 0.482366 0.123818 0
39.6 0 0 12.2665 6.99981 10 -0.482369 -0.123814 0
39.6 1 0 7.73347 13.0002 10 0.482369 0.123814 0
39.7 0 0 12.2183 6.98742 10 -0.482373 -0.12381 0
39.7 1 0 7.78171 13.0126 10 0.482373 0.12381 0
39.8 0 0 12.1701 6.97504 10 -0.482376 -0.123805 0
39.8 1 0 7.82995 13.025 10 0.482376 0.123805 0
39.9 0 0 12.1218 6.96266 10 -0.482379 -0.1238 0
39.9 1 0 7.87819 13.0373 10 0.482379 0.1238 0
