0 0 1 8.5 11.3 10 0.5 0 0
0 1 1 11.5 8.7 10 -0.5 0 0
0.1 0 1 8.56653 11.2855 10 0.831224 -0.291984 0
0.1 1 1 11.4335 8.71448 10 -0.831224 0.291984 0
0.2 0 1 8.6673 11.2403 10 1.18079 -0.611189 0
0.2 1 1 11.3327 8.75971 10 -1.18079 0.611189 0
0.3 0 1 8.79926 11.1661 10 1.39503 -0.813467 0
0.3 1 1 11.2007 8.83388 10 -1.39503 0.813467 0
0.4 0 1 8.91254 11.1109 10 0.60067 -0.0158827 0
0.4 1 1 11.0875 8.88912 10 -0.60067 0.0158827 0
0.5 0 1 8.89732 11.1874 10 -0.678677 1.32031 0
0.5 1 1 11.1027 8.81259 10 0.678677 -1.32031 0
0.6 0 1 8.82337 11.326 10 -0.678598 1.31715 0
0.6 1 1 11.1766 8.67402 10 0.678598 -1.31715 0
0.7 0 1 8.77047 11.4406 10 -0.375866 0.969049 0
0.7 1 1 11.2295 8.5594 10 0.375866 -0.969049 0
0.8 0 1 8.74795 11.5196 10 -0.0829029 0.619771 0
0.8 1 1 11.252 8.48036 10 0.0829029 -0.619771 0
0.9 0 1 8.75323 11.565 10 0.182407 0.292386 0
0.9 1 1 11.2468 8.43503 10 -0.182407 -0.292386 0
1 0 1 8.78434 11.5779 10 0.437006 -0.0325269 0
1 1 1 11.2157 8.42212 10 -0.437006 0.0325269 0
1.1 0 1 8.84114 11.5574 10 0.699046 -0.378569 0
1.1 1 1 11.1589 8.44258 10 -0.699046 0.378569 0
1.2 0 1 8.92499 11.5006 10 0.976612 -0.758595 0
1.2 1 1 11.075 8.49941 10 -0.976612 0.758595 0
1.3 0 1 9.03521 11.407 10 1.19623 -1.07077 0
1.3 1 1 10.9648 8.59302 10 -1.19623 1.07077 0
1.4 0 1 9.14527 11.3143 10 0.818808 -0.498597 0
1.4 1 1 10.8547 8.68569 10 -0.818808 0.498597 0
1.5 0 1 9.16746 11.358 10 -0.291974 1.257 0
1.5 1 1 10.8325 8.64197 10 0.291974 -1.257 0
1.6 0 1 9.12436 11.5066 10 -0.434867 1.49053 0
1.6 1 1 10.8756 8.49342 10 0.434867 -1.49053 0
1.7 0 1 9.09119 11.6376 10 -0.219565 1.11086 0
1.7 1 1 10.9088 8.36242 10 0.219565 -1.11086 0
1.8 0 1 9.08063 11.7279 10 0.00188469 0.703462 0
1.8 1 1 10.9194 8.27215 10 -0.00188469 -0.703462 0
1.9 0 1 9.09095 11.7789 10 0.199284 0.325059 0
1.9 1 1 10.9091 8.2211 10 -0.199284 -0.325059 0
2 0 1 9.12025 11.7928 10 0.383835 -0.0433652 0
2 1 1 10.8798 8.20717 10 -0.383835 0.0433652 0
2.1 0 1 9.16793 11.7693 10 0.568973 -0.428657 0
2.1 1 1 10.8321 8.23072 10 -0.568973 0.428657 0
2.2 0 1 9.23455 11.7054 10 0.762962 -0.850699 0
2.2 1 1 10.7654 8.29459 10 -0.762962 0.850699 0
2.3 0 1 9.32022 11.5991 10 0.936507 -1.24686 0
2.3 1 1 10.6798 8.40087 10 -0.936507 1.24686 0
2.4 0 1 9.41307 11.4766 10 0.821419 -0.959053 0
2.4 1 1 10.5869 8.52341 10 -0.821419 0.959053 0
2.5 0 1 9.45894 11.4746 10 0.0762211 0.993628 0
2.5 1 1 10.5411 8.52544 10 -0.0762211 -0.993628 0
2.6 0 1 9.44984 11.6202 10 -0.140644 1.59569 0
2.6 1 1 10.5502 8.37977 10 0.140644 -1.59569 0
2.7 0 1 9.44121 11.7634 10 -0.0199156 1.22608 0
2.7 1 1 10.5588 8.23664 10 0.0199156 -1.22608 0
2.8 0 1 9.44632 11.8631 10 0.118053 0.776732 0
2.8 1 1 10.5537 8.13693 10 -0.118053 -0.776732 0
2.9 0 1 9.46433 11.9195 10 0.238058 0.360398 0
2.9 1 1 10.5357 8.08054 10 -0.238058 -0.360398 0
3 0 1 9.49364 11.9354 10 0.34578 -0.037932 0
3 1 1 10.5064 8.06465 10 -0.34578 0.037932 0
3.1 0 1 9.53345 11.9111 10 0.449236 -0.446984 0
3.1 1 1 10.4666 8.08889 10 -0.449236 0.446984 0
3.2 0 1 9.58363 11.8443 10 0.553731 -0.891647 0
3.2 1 1 10.4164 8.15569 10 -0.553731 0.891647 0
3.3 0 1 9.64411 11.7319 10 0.650819 -1.34069 0
3.3 1 1 10.3559 8.26813 10 -0.650819 1.34069 0
3.4 0 1 9.71086 11.5897 10 0.648406 -1.31693 0
3.4 1 1 10.2891 8.41028 10 -0.648406 1.31693 0
3.5 0 1 9.76206 11.5377 10 0.338874 0.541719 0
3.5 1 1 10.2379 8.46225 10 -0.338874 -0.541719 0
3.6 0 1 9.78508 11.6651 10 0.183108 1.60576 0
3.6 1 1 10.2149 8.33488 10 -0.183108 -1.60576 0
3.7 0 1 9.80475 11.8142 10 0.218236 1.30125 0
3.7 1 1 10.1952 8.18575 10 -0.218236 -1.30125 0
3.8 0 1 9.82899 11.9205 10 0.264528 0.830212 0
3.8 1 1 10.171 8.07949 10 -0.264528 -0.830212 0
3.9 0 1 9.85732 11.981 10 0.299954 0.390955 0
3.9 1 1 10.1427 8.01897 10 -0.299954 -0.390955 0
4 0 1 9.88872 11.9991 10 0.326404 -0.0227068 0
4 1 1 10.1113 8.00086 10 -0.326404 0.0227068 0
4.1 0 1 9.92241 11.976 10 0.346224 -0.439812 0
4.1 1 1 10.0776 8.02404 10 -0.346224 0.439812 0
4.2 0 1 9.95778 11.9097 10 0.360007 -0.888157 0
4.2 1 1 10.0422 8.09032 10 -0.360007 0.888157 0
4.3 0 1 9.99417 11.7969 10 0.366147 -1.35918 0
4.3 1 1 10.0058 8.2031 10 -0.366147 1.35918 0
4.4 0 1 10.0308 11.6458 10 0.366237 -1.53601 0
4.4 1 1 9.96924 8.35421 10 -0.366237 1.53601 0
4.5 0 1 10.0691 11.5493 10 0.418503 -0.0234103 0
4.5 1 1 9.9309 8.45071 10 -0.418503 0.0234103 0
4.6 0 1 10.1159 11.6429 10 0.501185 1.49598 0
4.6 1 1 9.88408 8.35708 10 -0.501185 -1.49598 0
4.7 0 1 10.1658 11.7901 10 0.485641 1.32299 0
4.7 1 1 9.83421 8.20993 10 -0.485641 -1.32299 0
4.8 0 1 10.212 11.8989 10 0.437713 0.854489 0
4.8 1 1 9.78798 8.10111 10 -0.437713 -0.854489 0
4.9 0 1 10.2531 11.9615 10 0.384155 0.408982 0
4.9 1 1 9.74689 8.0385 10 -0.384155 -0.408982 0
5 0 1 10.2887 11.9813 10 0.327364 -0.00478673 0
5 1 1 9.71131 8.01866 10 -0.327364 0.00478673 0
5.1 0 1 10.3183 11.9603 10 0.264293 -0.414418 0
5.1 1 1 9.68168 8.03973 10 -0.264293 0.414418 0
5.2 0 1 10.3411 11.8972 10 0.190026 -0.848647 0
5.2 1 1 9.65889 8.1028 10 -0.190026 0.848647 0
5.3 0 1 10.3558 11.7889 10 0.102095 -1.3137 0
5.3 1 1 9.64424 8.21108 10 -0.102095 1.3137 0
5.4 0 1 10.3621 11.6385 10 0.0396537 -1.61584 0
5.4 1 1 9.63794 8.36155 10 -0.0396537 1.61584 0
5.5 0 1 10.3738 11.5102 10 0.287264 -0.578297 0
5.5 1 1 9.62617 8.48983 10 -0.287264 0.578297 0
5.6 0 1 10.4297 11.5585 10 0.76204 1.25109 0
5.6 1 1 9.57027 8.44151 10 -0.76204 -1.25109 0
5.7 0 1 10.5088 11.6942 10 0.767822 1.27901 0
5.7 1 1 9.49116 8.30584 10 -0.767822 -1.27901 0
5.8 0 1 10.579 11.8005 10 0.63135 0.840697 0
5.8 1 1 9.42101 8.19948 10 -0.63135 -0.840697 0
5.9 0 1 10.6348 11.8623 10 0.487734 0.406922 0
5.9 1 1 9.36517 8.13766 10 -0.487734 -0.406922 0
6 0 1 10.6766 11.8827 10 0.348332 0.0085827 0
6 1 1 9.32345 8.1173 10 -0.348332 -0.0085827 0
6.1 0 1 10.7043 11.864 10 0.205672 -0.378586 0
6.1 1 1 9.29575 8.13596 10 -0.205672 0.378586 0
6.2 0 1 10.7171 11.806 10 0.0492192 -0.782495 0
6.2 1 1 9.28292 8.19397 10 -0.0492192 0.782495 0
6.3 0 1 10.7132 11.706 10 -0.128066 -1.21772 0
6.3 1 1 9.2868 8.29401 10 0.128066 1.21772 0
6.4 0 1 10.6918 11.564 10 -0.281611 -1.57625 0
6.4 1 1 9.30821 8.43603 10 0.281611 1.57625 0
6.5 0 1 10.6699 11.42 10 -0.0154143 -1.00291 0
6.5 1 1 9.33006 8.57996 10 0.0154143 1.00291 0
6.6 0 1 10.7164 11.4191 10 0.901045 0.877607 0
6.6 1 1 9.28363 8.58088 10 -0.901045 -0.877607 0
6.7 0 1 10.8198 11.5331 10 1.04415 1.15973 0
6.7 1 1 9.18017 8.46691 10 -1.04415 -1.15973 0
6.8 0 1 10.9145 11.6311 10 0.836464 0.78118 0
6.8 1 1 9.08552 8.36888 10 -0.836464 -0.78118 0
6.9 0 1 10.9864 11.6886 10 0.605698 0.377911 0
6.9 1 1 9.01362 8.31143 10 -0.605698 -0.377911 0
7 0 1 11.0358 11.7076 10 0.387018 0.0104816 0
7 1 1 8.96417 8.29244 10 -0.387018 -0.0104816 0
7.1 0 1 11.0636 11.6909 10 0.170478 -0.3401 0
7.1 1 1 8.93636 8.30913 10 -0.170478 0.3401 0
7.2 0 1 11.0692 11.6389 10 -0.059681 -0.699383 0
7.2 1 1 8.93076 8.36111 10 0.059681 0.699383 0
7.3 0 1 11.0505 11.5497 10 -0.316353 -1.08539 0
7.3 1 1 8.94946 8.45031 10 0.316353 1.08539 0
7.4 0 1 11.0057 11.4219 10 -0.564893 -1.44499 0
7.4 1 1 8.99429 8.57807 10 0.564893 1.44499 0
7.5 0 1 10.9497 11.2779 10 -0.405462 -1.23004 0
7.5 1 1 9.05031 8.72207 10 0.405462 1.23004 0
7.6 0 1 10.9687 11.2334 10 0.855317 0.418055 0
7.6 1 1 9.03134 8.76659 10 -0.855317 -0.418055 0
7.7 0 1 11.0868 11.3163 10 1.28702 0.960685 0
7.7 1 1 8.91322 8.68374 10 -1.28702 -0.960685 0
7.8 0 1 11.2047 11.3995 10 1.04139 0.67023 0
7.8 1 1 8.79526 8.60047 10 -1.04139 -0.67023 0
7.9 0 1 11.2931 11.4485 10 0.731111 0.316283 0
7.9 1 1 8.70689 8.55153 10 -0.731111 -0.316283 0
8 0 1 11.3513 11.4636 10 0.439286 -0.00522403 0
8 1 1 8.64866 8.5364 10 -0.439286 0.00522403 0
8.1 0 1 11.381 11.4478 10 0.156823 -0.306265 0
8.1 1 1 8.619 8.5522 10 -0.156823 0.306265 0
8.2 0 1 11.3821 11.402 10 -0.136446 -0.60873 0
8.2 1 1 8.61795 8.598 10 0.136446 0.60873 0
8.3 0 1 11.3524 11.3251 10 -0.459156 -0.930504 0
8.3 1 1 8.6476 8.67493 10 0.459156 0.930504 0
8.4 0 1 11.2893 11.2154 10 -0.791828 -1.25057 0
8.4 1 1 8.71067 8.78458 10 0.791828 1.25057 0
8.5 0 1 11.2034 11.084 10 -0.795453 -1.25669 0
8.5 1 1 8.79665 8.91603 10 0.795453 1.25669 0
8.6 0 1 11.1822 11.0098 10 0.592842 -0.0434219 0
8.6 1 1 8.81776 8.99018 10 -0.592842 0.0434219 0
8.7 0 1 11.3005 11.0552 10 1.46156 0.686092 0
8.7 1 1 8.6995 8.94479 10 -1.46156 -0.686092 0
8.8 0 1 11.4384 11.1173 10 1.23188 0.50496 0
8.8 1 1 8.56161 8.88274 10 -1.23188 -0.50496 0
8.9 0 1 11.5426 11.1532 10 0.85534 0.218052 0
8.9 1 1 8.45744 8.84682 10 -0.85534 -0.218052 0
9 0 1 11.6099 11.1615 10 0.499376 -0.0434552 0
9 1 1 8.39011 8.83847 10 -0.499376 0.0434552 0
9.1 0 1 11.6427 11.145 10 0.161013 -0.283467 0
9.1 1 1 8.35731 8.85504 10 -0.161013 0.283467 0
9.2 0 1 11.6416 11.1047 10 -0.183094 -0.519184 0
9.2 1 1 8.35844 8.89526 10 0.183094 0.519184 0
9.3 0 1 11.6047 11.0405 10 -0.556456 -0.765863 0
9.3 1 1 8.39528 8.9595 10 0.556456 0.765863 0
9.4 0 1 11.5289 10.951 10 -0.95462 -1.01894 0
9.4 1 1 8.47111 9.049 10 0.95462 1.01894 0
9.5 0 1 11.4199 10.8408 10 -1.12266 -1.12255 0
9.5 1 1 8.5801 9.15922 10 1.12266 1.12255 0
9.6 0 1 11.3544 10.7555 10 0.143358 -0.39994 0
9.6 1 1 8.64557 9.24448 10 -0.143358 0.39994 0
9.7 0 1 11.4551 10.7629 10 1.52724 0.353981 0
9.7 1 1 8.5449 9.23714 10 -1.52724 -0.353981 0
9.8 0 1 11.6069 10.7979 10 1.39138 0.286347 0
9.8 1 1 8.39308 9.20214 10 -1.39138 -0.286347 0
9.9 0 1 11.7249 10.8162 10 0.968385 0.0813832 0
9.9 1 1 8.27506 9.18382 10 -0.968385 -0.0813832 0
10 0 1 11.8009 10.8146 10 0.560203 -0.107542 0
10 1 1 8.19912 9.18542 10 -0.560203 0.107542 0
10.1 0 1 11.8375 10.7952 10 0.177838 -0.276789 0
10.1 1 1 8.16254 9.20484 10 -0.177838 0.276789 0
10.2 0 1 11.8361 10.7593 10 -0.203562 -0.438195 0
10.2 1 1 8.1639 9.24068 10 0.203562 0.438195 0
10.3 0 1 11.7955 10.7072 10 -0.611128 -0.602748 0
10.3 1 1 8.20453 9.29275 10 0.611128 0.602748 0
10.4 0 1 11.7122 10.6384 10 -1.05285 -0.772189 0
10.4 1 1 8.28781 9.36161 10 1.05285 0.772189 0
10.5 0 1 11.5882 10.5543 10 -1.35502 -0.882201 0
10.5 1 1 8.41179 9.44568 10 1.35502 0.882201 0
10.6 0 1 11.4825 10.4761 10 -0.397895 -0.56621 0
10.6 1 1 8.51745 9.52391 10 0.397895 0.56621 0
10.7 0 1 11.5482 10.4524 10 1.44367 0.00199287 0
10.7 1 1 8.45183 9.54762 10 -1.44367 -0.00199287 0
10.8 0 1 11.7051 10.4562 10 1.50151 0.0205498 0
10.8 1 1 8.29492 9.54377 10 -1.50151 -0.0205498 0
10.9 0 1 11.8336 10.4527 10 1.05931 -0.0929803 0
10.9 1 1 8.16638 9.54734 10 -1.05931 0.0929803 0
11 0 1 11.9167 10.4379 10 0.613745 -0.19891 0
11 1 1 8.08327 9.56213 10 -0.613745 0.19891 0
11.1 0 1 11.9571 10.4133 10 0.200926 -0.289698 0
11.1 1 1 8.04293 9.5867 10 -0.200926 0.289698 0
11.2 0 1 11.9568 10.3801 10 -0.203317 -0.371673 0
11.2 1 1 8.0432 9.61986 10 0.203317 0.371673 0
11.3 0 1 11.9153 10.339 10 -0.628309 -0.450576 0
11.3 1 1 8.08471 9.66102 10 0.628309 0.450576 0
11.4 0 1 11.8293 10.29 10 -1.09108 -0.528266 0
11.4 1 1 8.17065 9.71003 10 1.09108 0.528266 0
11.5 0 1 11.6983 10.2338 10 -1.4845 -0.587111 0
11.5 1 1 8.30173 9.7662 10 1.4845 0.587111 0
11.6 0 1 11.5627 10.1766 10 -0.908499 -0.51865 0
11.6 1 1 8.43734 9.82336 10 0.908499 0.51865 0
11.7 0 1 11.5807 10.1361 10 1.18368 -0.309307 0
11.7 1 1 8.41931 9.86391 10 -1.18368 0.309307 0
11.8 0 1 11.7311 10.1078 10 1.5429 -0.279411 0
11.8 1 1 8.26886 9.89222 10 -1.5429 0.279411 0
11.9 0 1 11.8654 10.0787 10 1.11676 -0.301307 0
11.9 1 1 8.1346 9.92125 10 -1.11676 0.301307 0
12 0 1 11.9533 10.0478 10 0.651486 -0.316846 0
12 1 1 8.04672 9.95225 10 -0.651486 0.316846 0
12.1 0 1 11.9965 10.0157 10 0.22316 -0.323813 0
12.1 1 1 8.00346 9.98435 10 -0.22316 0.323813 0
12.2 0 1 11.998 9.98322 10 -0.188928 -0.323732 0
12.2 1 1 8.00196 10.0168 10 0.188928 0.323732 0
12.3 0 1 11.9579 9.95114 10 -0.614788 -0.316651 0
12.3 1 1 8.04212 10.0489 10 0.614788 0.316651 0
12.4 0 1 11.8734 9.92019 10 -1.07711 -0.301078 0
12.4 1 1 8.12663 10.0798 10 1.07711 0.301078 0
12.5 0 1 11.7423 9.89122 10 -1.51791 -0.278303 0
12.5 1 1 8.25774 10.1088 10 1.51791 0.278303 0
12.6 0 1 11.5896 9.86336 10 -1.29192 -0.297857 0
12.6 1 1 8.41038 10.1366 10 1.29192 0.297857 0
12.7 0 1 11.5562 9.82439 10 0.754178 -0.502791 0
12.7 1 1 8.44381 10.1756 10 -0.754178 0.502791 0
12.8 0 1 11.6868 9.76758 10 1.49692 -0.591592 0
12.8 1 1 8.31317 10.2324 10 -1.49692 0.591592 0
12.9 0 1 11.8206 9.71075 10 1.12967 -0.536496 0
12.9 1 1 8.17937 10.2893 10 -1.12967 0.536496 0
13 0 1 11.9099 9.66101 10 0.664919 -0.458347 0
13 1 1 8.09009 10.339 10 -0.664919 0.458347 0
13.1 0 1 11.9545 9.61919 10 0.237131 -0.378768 0
13.1 1 1 8.0455 10.3808 10 -0.237131 0.378768 0
13.2 0 1 11.9577 9.58542 10 -0.167599 -0.29653 0
13.2 1 1 8.0423 10.4146 10 0.167599 0.29653 0
13.3 0 1 11.9204 9.56024 10 -0.578431 -0.206018 0
13.3 1 1 8.07964 10.4398 10 0.578431 0.206018 0
13.4 0 1 11.8405 9.54481 10 -1.02073 -0.100722 0
13.4 1 1 8.15949 10.4552 10 1.02073 0.100722 0
13.5 0 1 11.7153 9.54062 10 -1.46976 0.0146782 0
13.5 1 1 8.28474 10.4594 10 1.46976 -0.0146782 0
13.6 0 1 11.5583 9.54479 10 -1.50495 0.0225029 0
13.6 1 1 8.44171 10.4552 10 1.50495 -0.0225029 0
13.7 0 1 11.4794 9.52528 10 0.215556 -0.508525 0
13.7 1 1 8.52056 10.4747 10 -0.215556 0.508525 0
13.8 0 1 11.5772 9.44942 10 1.34877 -0.882947 0
13.8 1 1 8.42277 10.5506 10 -1.34877 0.882947 0
13.9 0 1 11.7031 9.36437 10 1.08801 -0.787704 0
13.9 1 1 8.29685 10.6356 10 -1.08801 0.787704 0
14 0 1 11.7896 9.29411 10 0.646089 -0.618061 0
14 1 1 8.21042 10.7059 10 -0.646089 0.618061 0
14.1 0 1 11.8331 9.24074 10 0.23562 -0.452174 0
14.1 1 1 8.16687 10.7593 10 -0.23562 0.452174 0
14.2 0 1 11.8373 9.2037 10 -0.146689 -0.29021 0
14.2 1 1 8.16274 10.7963 10 0.146689 0.29021 0
14.3 0 1 11.8035 9.18309 10 -0.527615 -0.121425 0
14.3 1 1 8.19654 10.8169 10 0.527615 0.121425 0
14.4 0 1 11.7305 9.18022 10 -0.932696 0.0662232 0
14.4 1 1 8.26948 10.8198 10 0.932696 -0.0662232 0
14.5 0 1 11.6157 9.19723 10 -1.35774 0.272301 0
14.5 1 1 8.38433 10.8028 10 1.35774 -0.272301 0
14.6 0 1 11.4651 9.23189 10 -1.55149 0.369743 0
14.6 1 1 8.53486 10.7681 10 1.55149 -0.369743 0
14.7 0 1 11.3548 9.24469 10 -0.321398 -0.30059 0
14.7 1 1 8.64518 10.7553 10 0.321398 0.30059 0
14.8 0 1 11.4102 9.16497 10 1.093 -1.10811 0
14.8 1 1 8.58977 10.835 10 -1.093 1.10811 0
14.9 0 1 11.52 9.05393 10 0.98389 -1.03999 0
14.9 1 1 8.47995 10.9461 10 -0.98389 1.03999 0
15 0 1 11.5987 8.96242 10 0.588163 -0.788329 0
15 1 1 8.40135 11.0376 10 -0.588163 0.788329 0
15.1 0 1 11.6382 8.89628 10 0.212077 -0.539676 0
15.1 1 1 8.36184 11.1037 10 -0.212077 0.539676 0
15.2 0 1 11.6418 8.85432 10 -0.133235 -0.302941 0
15.2 1 1 8.35824 11.1457 10 0.133235 0.302941 0
15.3 0 1 11.6114 8.83602 10 -0.4707 -0.0633699 0
15.3 1 1 8.38857 11.164 10 0.4707 0.0633699 0
15.4 0 1 11.5467 8.84257 10 -0.824033 0.196389 0
15.4 1 1 8.45327 11.1574 10 0.824033 -0.196389 0
15.5 0 1 11.4454 8.87655 10 -1.20006 0.483057 0
15.5 1 1 8.5546 11.1235 10 1.20006 -0.483057 0
15.6 0 1 11.3094 8.93739 10 -1.46199 0.689998 0
15.6 1 1 8.69055 11.0626 10 1.46199 -0.689998 0
15.7 0 1 11.1854 8.98795 10 -0.734938 0.079123 0
15.7 1 1 8.81462 11.012 10 0.734938 -0.079123 0
15.8 0 1 11.1958 8.92305 10 0.741856 -1.21174 0
15.8 1 1 8.80424 11.0769 10 -0.741856 1.21174 0
15.9 0 1 11.2813 8.79165 10 0.812949 -1.274 0
15.9 1 1 8.71874 11.2083 10 -0.812949 1.274 0
16 0 1 11.3466 8.67954 10 0.486038 -0.959318 0
16 1 1 8.65342 11.3205 10 -0.486038 0.959318 0
16.1 0 1 11.3785 8.60017 10 0.161091 -0.635118 0
16.1 1 1 8.62152 11.3998 10 -0.161091 0.635118 0
16.2 0 1 11.3795 8.55213 10 -0.133501 -0.331062 0
16.2 1 1 8.62048 11.4479 10 0.133501 0.331062 0
16.3 0 1 11.3519 8.53415 10 -0.415532 -0.0302473 0
16.3 1 1 8.64808 11.4659 10 0.415532 0.0302473 0
16.4 0 1 11.2959 8.54701 10 -0.705345 0.289271 0
16.4 1 1 8.70413 11.453 10 0.705345 -0.289271 0
16.5 0 1 11.2099 8.59349 10 -1.01408 0.641657 0
16.5 1 1 8.79014 11.4065 10 1.01408 -0.641657 0
16.6 0 1 11.0939 8.67475 10 -1.27549 0.951019 0
16.6 1 1 8.90607 11.3252 10 1.27549 -0.951019 0
16.7 0 1 10.9732 8.76134 10 -0.9463 0.536548 0
16.7 1 1 9.02685 11.2387 10 0.9463 -0.536548 0
16.8 0 1 10.9447 8.72917 10 0.335242 -1.13903 0
16.8 1 1 9.0553 11.2708 10 -0.335242 1.13903 0
16.9 0 1 10.999 8.58707 10 0.576346 -1.46582 0
16.9 1 1 9.00101 11.4129 10 -0.576346 1.46582 0
17 0 1 11.0454 8.45662 10 0.336975 -1.11926 0
17 1 1 8.9546 11.5434 10 -0.336975 1.11926 0
17.1 0 1 11.0658 8.36451 10 0.0788266 -0.730799 0
17.1 1 1 8.93415 11.6355 10 -0.0788266 0.730799 0
17.2 0 1 11.0619 8.30988 10 -0.152561 -0.36931 0
17.2 1 1 8.93815 11.6901 10 0.152561 0.36931 0
17.3 0 1 11.0356 8.29064 10 -0.369 -0.018585 0
17.3 1 1 8.96439 11.7094 10 0.369 0.018585 0
17.4 0 1 10.9878 8.30701 10 -0.586316 0.346857 0
17.4 1 1 9.0122 11.693 10 0.586316 -0.346857 0
17.5 0 1 10.9177 8.36162 10 -0.815465 0.747568 0
17.5 1 1 9.0823 11.6384 10 0.815465 -0.747568 0
17.6 0 1 10.8248 8.45696 10 -1.02954 1.13801 0
17.6 1 1 9.17521 11.543 10 1.02954 -1.13801 0
17.7 0 1 10.7207 8.57277 10 -0.945404 0.970328 0
17.7 1 1 9.27931 11.4272 10 0.945404 -0.970328 0
17.8 0 1 10.6676 8.58568 10 -0.0544971 -0.858204 0
17.8 1 1 9.33242 11.4143 10 0.0544971 0.858204 0
17.9 0 1 10.687 8.44651 10 0.283511 -1.58735 0
17.9 1 1 9.31305 11.5535 10 -0.283511 1.58735 0
18 0 1 10.7092 8.30189 10 0.141288 -1.25481 0
18 1 1 9.29079 11.6981 10 -0.141288 1.25481 0
18.1 0 1 10.7142 8.19863 10 -0.0365813 -0.817825 0
18.1 1 1 9.28578 11.8014 10 0.0365813 0.817825 0
18.2 0 1 10.7024 8.13764 10 -0.193947 -0.411138 0
18.2 1 1 9.29755 11.8624 10 0.193947 0.411138 0
18.3 0 1 10.6758 8.11616 10 -0.336663 -0.0233527 0
18.3 1 1 9.32423 11.8838 10 0.336663 0.0233527 0
18.4 0 1 10.6351 8.13366 10 -0.475277 0.373211 0
18.4 1 1 9.36489 11.8663 10 0.475277 -0.373211 0
18.5 0 1 10.5804 8.19238 10 -0.617709 0.803856 0
18.5 1 1 9.41957 11.8076 10 0.617709 -0.803856 0
18.6 0 1 10.5115 8.29559 10 -0.755955 1.24824 0
18.6 1 1 9.48852 11.7044 10 0.755955 -1.24824 0
18.7 0 1 10.4327 8.43127 10 -0.775379 1.30901 0
18.7 1 1 9.56734 11.5687 10 0.775379 -1.30901 0
18.8 0 1 10.3735 8.49275 10 -0.334684 -0.389724 0
18.8 1 1 9.62654 11.5072 10 0.334684 0.389724 0
18.9 0 1 10.3595 8.37283 10 -0.0442156 -1.60798 0
18.9 1 1 9.64051 11.6272 10 0.0442156 1.60798 0
19 0 1 10.3534 8.22031 10 -0.0968866 -1.35155 0
19 1 1 9.64665 11.7797 10 0.0968866 1.35155 0
19.1 0 1 10.3392 8.10862 10 -0.184693 -0.886535 0
19.1 1 1 9.66084 11.8914 10 0.184693 0.886535 0
19.2 0 1 10.3168 8.04237 10 -0.259356 -0.449104 0
19.2 1 1 9.6832 11.9576 10 0.259356 0.449104 0
19.3 0 1 10.2876 8.01831 10 -0.322439 -0.0383398 0
19.3 1 1 9.7124 11.9817 10 0.322439 0.0383398 0
19.4 0 1 10.2525 8.03516 10 -0.378877 0.374028 0
19.4 1 1 9.74753 11.9648 10 0.378877 -0.374028 0
19.5 0 1 10.2119 8.09456 10 -0.431894 0.81624 0
19.5 1 1 9.78812 11.9054 10 0.431894 -0.81624 0
19.6 0 1 10.1662 8.19999 10 -0.479898 1.2866 0
19.6 1 1 9.83381 11.8 10 0.479898 -1.2866 0
19.7 0 1 10.1167 8.34571 10 -0.500227 1.52099 0
19.7 1 1 9.88329 11.6543 10 0.500227 -1.52099 0
19.8 0 1 10.0695 8.45001 10 -0.427417 0.179771 0
19.8 1 1 9.9305 11.55 10 0.427417 -0.179771 0
19.9 0 1 10.0306 8.36538 10 -0.369594 -1.49893 0
19.9 1 1 9.96941 11.6346 10 0.369594 1.49893 0
20 0 1 9.99372 8.21329 10 -0.368696 -1.3947 0
20 1 1 10.0063 11.7867 10 0.368696 1.3947 0
20.1 0 1 9.95709 8.0971 10 -0.362488 -0.927019 0
20.1 1 1 10.0429 11.9029 10 0.362488 0.927019 0
20.2 0 1 9.9215 8.02756 10 -0.348458 -0.475311 0
20.2 1 1 10.0785 11.9724 10 0.348458 0.475311 0
20.3 0 1 9.88762 8.00135 10 -0.328401 -0.0565818 0
20.3 1 1 10.1124 11.9987 10 0.328401 0.0565818 0
20.4 0 1 9.85605 8.01646 10 -0.301851 0.356153 0
20.4 1 1 10.1439 11.9835 10 0.301851 -0.356153 0
20.5 0 1 9.82757 8.0738 10 -0.266526 0.792288 0
20.5 1 1 10.1724 11.9262 10 0.266526 -0.792288 0
20.6 0 1 9.80317 8.17662 10 -0.220195 1.2625 0
20.6 1 1 10.1968 11.8234 10 0.220195 -1.2625 0
20.7 0 1 9.78348 8.32338 10 -0.180355 1.60548 0
20.7 1 1 10.2165 11.6766 10 0.180355 -1.60548 0
20.8 0 1 9.76174 8.45799 10 -0.309807 0.723057 0
20.8 1 1 10.2383 11.542 10 0.309807 -0.723057 0
20.9 0 1 9.71282 8.42026 10 -0.637302 -1.24231 0
20.9 1 1 10.2872 11.5797 10 0.637302 1.24231 0
21 0 1 9.64592 8.27878 10 -0.659509 -1.37018 0
21 1 1 10.3541 11.7212 10 0.659509 1.37018 0
21.1 0 1 9.58452 8.16316 10 -0.564159 -0.929704 0
21.1 1 1 10.4155 11.8368 10 0.564159 0.929704 0
21.2 0 1 9.53344 8.09314 10 -0.458782 -0.481894 0
21.2 1 1 10.4666 11.9069 10 0.458782 0.481894 0
21.3 0 1 9.49282 8.06594 10 -0.354653 -0.0708209 0
21.3 1 1 10.5072 11.9341 10 0.354653 0.0708209 0
21.4 0 1 9.46273 8.07894 10 -0.246878 0.327089 0
21.4 1 1 10.5373 11.9211 10 0.246878 -0.327089 0
21.5 0 1 9.44394 8.1323 10 -0.127494 0.740715 0
21.5 1 1 10.5561 11.8677 10 0.127494 -0.740715 0
21.6 0 1 9.43799 8.2287 10 0.00991101 1.18779 0
21.6 1 1 10.562 11.7713 10 -0.00991101 -1.18779 0
21.7 0 1 9.44595 8.369 10 0.137899 1.57912 0
21.7 1 1 10.5541 11.631 10 -0.137899 -1.57912 0
21.8 0 1 9.45671 8.51854 10 -0.0251781 1.12776 0
21.8 1 1 10.5433 11.4815 10 0.0251781 -1.12776 0
21.9 0 1 9.4164 8.53113 10 -0.778571 -0.845813 0
21.9 1 1 10.5836 11.4689 10 0.778571 0.845813 0
22 0 1 9.32437 8.41136 10 -0.9477 -1.26631 0
22 1 1 10.6756 11.5886 10 0.9477 1.26631 0
22.1 0 1 9.23726 8.30235 10 -0.78097 -0.886033 0
22.1 1 1 10.7627 11.6976 10 0.78097 0.886033 0
22.2 0 1 9.16908 8.23547 10 -0.585705 -0.461527 0
22.2 1 1 10.8309 11.7645 10 0.585705 0.461527 0
22.3 0 1 9.11998 8.20916 10 -0.399311 -0.0739802 0
22.3 1 1 10.88 11.7908 10 0.399311 0.0739802 0
22.4 0 1 9.08934 8.22041 10 -0.214554 0.294495 0
22.4 1 1 10.9107 11.7796 10 0.214554 -0.294495 0
22.5 0 1 9.07765 8.26869 10 -0.0181026 0.670744 0
22.5 1 1 10.9223 11.7313 10 0.0181026 -0.670744 0
22.6 0 1 9.08674 8.35594 10 0.20199 1.07536 0
22.6 1 1 10.9133 11.6441 10 -0.20199 -1.07536 0
22.7 0 1 9.11853 8.48404 10 0.4235 1.46574 0
22.7 1 1 10.8815 11.516 10 -0.4235 -1.46574 0
22.8 0 1 9.1627 8.63383 10 0.344457 1.33833 0
22.8 1 1 10.8373 11.3662 10 -0.344457 -1.33833 0
22.9 0 1 9.14869 8.69037 10 -0.72944 -0.358616 0
22.9 1 1 10.8513 11.3096 10 0.72944 0.358616 0
23 0 1 9.04162 8.60266 10 -1.20348 -1.07647 0
23 1 1 10.9584 11.3973 10 1.20348 1.07647 0
23.1 0 1 8.92966 8.50702 10 -1.00119 -0.789245 0
23.1 1 1 11.0703 11.493 10 1.00119 0.789245 0
23.2 0 1 8.84366 8.44753 10 -0.722543 -0.407948 0
23.2 1 1 11.1563 11.5525 10 0.722543 0.407948 0
23.3 0 1 8.78487 8.4246 10 -0.458591 -0.0596329 0
23.3 1 1 11.2151 11.5754 10 0.458591 0.0596329 0
23.4 0 1 8.7519 8.43517 10 -0.203454 0.265706 0
23.4 1 1 11.2481 11.5648 10 0.203454 -0.265706 0
23.5 0 1 8.74474 8.47809 10 0.0607988 0.591536 0
23.5 1 1 11.2553 11.5219 10 -0.0607988 -0.591536 0
23.6 0 1 8.76524 8.55453 10 0.351712 0.938151 0
23.6 1 1 11.2348 11.4455 10 -0.351712 -0.938151 0
23.7 0 1 8.81608 8.66646 10 0.658215 1.29042 0
23.7 1 1 11.1839 11.3335 10 -0.658215 -1.29042 0
23.8 0 1 8.89006 8.80463 10 0.717536 1.35838 0
23.8 1 1 11.1099 11.1954 10 -0.717536 -1.35838 0
23.9 0 1 8.91452 8.89063 10 -0.463151 0.125471 0
23.9 1 1 11.0855 11.1094 10 0.463151 -0.125471 0
24 0 1 8.80751 8.84197 10 -1.38847 -0.803261 0
24 1 1 11.1925 11.158 10 1.38847 0.803261 0
24.1 0 1 8.67396 8.76666 10 -1.2101 -0.635328 0
24.1 1 1 11.326 11.2333 10 1.2101 0.635328 0
24.2 0 1 8.57052 8.71926 10 -0.860743 -0.316473 0
24.2 1 1 11.4295 11.2807 10 0.860743 0.316473 0
24.3 0 1 8.50151 8.70272 10 -0.526982 -0.0224494 0
24.3 1 1 11.4985 11.2973 10 0.526982 0.0224494 0
24.4 0 1 8.46486 8.71423 10 -0.210299 0.247277 0
24.4 1 1 11.5351 11.2858 10 0.210299 -0.247277 0
24.5 0 1 8.45991 8.75227 10 0.110615 0.511669 0
24.5 1 1 11.5401 11.2477 10 -0.110615 -0.511669 0
24.6 0 1 8.48822 8.81726 10 0.458216 0.788444 0
24.6 1 1 11.5118 11.1827 10 -0.458216 -0.788444 0
24.7 0 1 8.55297 8.91073 10 0.833459 1.07659 0
24.7 1 1 11.447 11.0893 10 -0.833459 -1.07659 0
24.8 0 1 8.65051 9.02895 10 1.03621 1.22729 0
24.8 1 1 11.3495 10.971 10 -1.03621 -1.22729 0
24.9 0 1 8.71739 9.12591 10 -0.0188123 0.49396 0
24.9 1 1 11.2826 10.8741 10 0.0188123 -0.49396 0
25 0 1 8.6287 9.1171 10 -1.45758 -0.46445 0
25 1 1 11.3713 10.8829 10 1.45758 0.46445 0
25.1 0 1 8.47969 9.06851 10 -1.39013 -0.424188 0
25.1 1 1 11.5203 10.9315 10 1.39013 0.424188 0
25.2 0 1 8.36049 9.03805 10 -0.990173 -0.184505 0
25.2 1 1 11.6395 10.9619 10 0.990173 0.184505 0
25.3 0 1 8.28157 9.03124 10 -0.597523 0.0413989 0
25.3 1 1 11.7184 10.9688 10 0.597523 -0.0413989 0
25.4 0 1 8.2405 9.04577 10 -0.2302 0.244579 0
25.4 1 1 11.7595 10.9542 10 0.2302 -0.244579 0
25.5 0 1 8.23581 9.08005 10 0.134724 0.438695 0
25.5 1 1 11.7642 10.92 10 -0.134724 -0.438695 0
25.6 0 1 8.26862 9.13387 10 0.523525 0.637321 0
25.6 1 1 11.7314 10.8661 10 -0.523525 -0.637321 0
25.7 0 1 8.3422 9.20806 10 0.947576 0.844748 0
25.7 1 1 11.6578 10.7919 10 -0.947576 -0.844748 0
25.8 0 1 8.45594 9.30146 10 1.27009 0.995558 0
25.8 1 1 11.5441 10.6985 10 -1.27009 -0.995558 0
25.9 0 1 8.56123 9.39155 10 0.503593 0.66474 0
25.9 1 1 11.4388 10.6084 10 -0.503593 -0.66474 0
26 0 1 8.50838 9.41541 10 -1.36635 -0.0997301 0
26 1 1 11.4916 10.5846 10 1.36635 0.0997301 0
26.1 0 1 8.35319 9.39822 10 -1.5212 -0.16118 0
26.1 1 1 11.6468 10.6018 10 1.5212 0.16118 0
26.2 0 1 8.22142 9.38937 10 -1.09951 -0.0120285 0
26.2 1 1 11.7786 10.6106 10 1.09951 0.0120285 0
26.3 0 1 8.13384 9.39571 10 -0.662161 0.13389 0
26.3 1 1 11.8662 10.6043 10 0.662161 -0.13389 0
26.4 0 1 8.08829 9.41566 10 -0.256997 0.261455 0
26.4 1 1 11.9117 10.5843 10 0.256997 -0.261455 0
26.5 0 1 8.08251 9.44778 10 0.138125 0.378763 0
26.5 1 1 11.9175 10.5522 10 -0.138125 -0.378763 0
26.6 0 1 8.11695 9.49147 10 0.551978 0.494248 0
26.6 1 1 11.8831 10.5085 10 -0.551978 -0.494248 0
26.7 0 1 8.19467 9.54684 10 1.00377 0.612003 0
26.7 1 1 11.8053 10.4532 10 -1.00377 -0.612003 0
26.8 0 1 8.31719 9.61346 10 1.41003 0.710145 0
26.8 1 1 11.6828 10.3865 10 -1.41003 -0.710145 0
26.9 0 1 8.45133 9.68305 10 0.987204 0.621753 0
26.9 1 1 11.5487 10.3169 10 -0.987204 -0.621753 0
27 0 1 8.44641 9.72503 10 -1.087 0.225997 0
27 1 1 11.5536 10.275 10 1.087 -0.225997 0
27.1 0 1 8.2974 9.74069 10 -1.58156 0.140891 0
27.1 1 1 11.7026 10.2593 10 1.58156 -0.140891 0
27.2 0 1 8.15779 9.75745 10 -1.17677 0.197904 0
27.2 1 1 11.8422 10.2425 10 1.17677 -0.197904 0
27.3 0 1 8.06384 9.78022 10 -0.712174 0.254876 0
27.3 1 1 11.9362 10.2198 10 0.712174 -0.254876 0
27.4 0 1 8.01453 9.80807 10 -0.283644 0.29996 0
27.4 1 1 11.9855 10.1919 10 0.283644 -0.29996 0
27.5 0 1 8.00693 9.83997 10 0.127038 0.336331 0
27.5 1 1 11.9931 10.16 10 -0.127038 -0.336331 0
27.6 0 1 8.04076 9.87518 10 0.549685 0.36678 0
27.6 1 1 11.9592 10.1248 10 -0.549685 -0.36678 0
27.7 0 1 8.11856 9.91318 10 1.00858 0.392021 0
27.7 1 1 11.8814 10.0868 10 -1.00858 -0.392021 0
27.8 0 1 8.24308 9.95333 10 1.46036 0.408757 0
27.8 1 1 11.7569 10.0467 10 -1.46036 -0.408757 0
27.9 0 1 8.39412 9.99437 10 1.34655 0.409484 0
27.9 1 1 11.6059 10.0056 10 -1.34655 -0.409484 0
28 0 1 8.44023 10.0359 10 -0.632321 0.431286 0
28 1 1 11.5598 9.96409 10 0.632321 -0.431286 0
28.1 0 1 8.3117 10.0809 10 -1.54951 0.459278 0
28.1 1 1 11.6883 9.91907 10 1.54951 -0.459278 0
28.2 0 1 8.1706 10.1261 10 -1.20989 0.438681 0
28.2 1 1 11.8294 9.87394 10 1.20989 -0.438681 0
28.3 0 1 8.07356 10.1681 10 -0.738672 0.401879 0
28.3 1 1 11.9264 9.83187 10 0.738672 -0.401879 0
28.4 0 1 8.02203 10.2062 10 -0.302662 0.360179 0
28.4 1 1 11.978 9.79376 10 0.302662 -0.360179 0
28.5 0 1 8.01261 10.24 10 0.108454 0.313967 0
28.5 1 1 11.9874 9.76002 10 -0.108454 -0.313967 0
28.6 0 1 8.04428 10.2687 10 0.523975 0.260357 0
28.6 1 1 11.9557 9.73126 10 -0.523975 -0.260357 0
28.7 0 1 8.11891 10.2916 10 0.970676 0.195075 0
28.7 1 1 11.8811 9.7084 10 -0.970676 -0.195075 0
28.8 0 1 8.23963 10.3073 10 1.43278 0.119135 0
28.8 1 1 11.7604 9.69271 10 -1.43278 -0.119135 0
28.9 0 1 8.39581 10.3169 10 1.54643 0.099696 0
28.9 1 1 11.6042 9.6831 10 -1.54643 -0.099696 0
29 0 1 8.48626 10.3403 10 -0.0740715 0.446052 0
29 1 1 11.5137 9.65971 10 0.0740715 -0.446052 0
29.1 0 1 8.39212 10.405 10 -1.40699 0.758672 0
29.1 1 1 11.6079 9.59499 10 1.40699 -0.758672 0
29.2 0 1 8.2573 10.4793 10 -1.18763 0.699624 0
29.2 1 1 11.7427 9.5207 10 1.18763 -0.699624 0
29.3 0 1 8.16144 10.5428 10 -0.733133 0.569984 0
29.3 1 1 11.8386 9.45719 10 0.733133 -0.569984 0
29.4 0 1 8.11 10.5932 10 -0.306606 0.44015 0
29.4 1 1 11.89 9.40679 10 0.306606 -0.44015 0
29.5 0 1 8.0995 10.6308 10 0.0896689 0.312254 0
29.5 1 1 11.9005 9.36922 10 -0.0896689 -0.312254 0
29.6 0 1 8.12823 10.6553 10 0.482856 0.17821 0
29.6 1 1 11.8718 9.34467 10 -0.482856 -0.17821 0
29.7 0 1 8.19729 10.6657 10 0.899995 0.0281969 0
29.7 1 1 11.8027 9.33425 10 -0.899995 -0.0281969 0
29.8 0 1 8.30965 10.6602 10 1.3425 -0.139768 0
29.8 1 1 11.6903 9.33984 10 -1.3425 0.139768 0
29.9 0 1 8.46085 10.6395 10 1.5924 -0.239268 0
29.9 1 1 11.5392 9.36054 10 -1.5924 0.239268 0
30 0 1 8.58157 10.6321 10 0.468039 0.249687 0
30 1 1 11.4184 9.36792 10 -0.468039 -0.249687 0
30.1 0 1 8.53175 10.701 10 -1.14601 0.989851 0
30.1 1 1 11.4683 9.299 10 1.14601 -0.989851 0
30.2 0 1 8.41199 10.8024 10 -1.1006 0.965446 0
30.2 1 1 11.588 9.19759 10 1.1006 -0.965446 0
30.3 0 1 8.32239 10.8884 10 -0.687998 0.751813 0
30.3 1 1 11.6776 9.11156 10 0.687998 -0.751813 0
30.4 0 1 8.2741 10.9526 10 -0.288559 0.535886 0
30.4 1 1 11.7259 9.04739 10 0.288559 -0.535886 0
30.5 0 1 8.26394 10.9958 10 0.0778015 0.329785 0
30.5 1 1 11.7361 9.00425 10 -0.0778015 -0.329785 0
30.6 0 1 8.2897 11.0183 10 0.434487 0.121363 0
30.6 1 1 11.7103 8.98171 10 -0.434487 -0.121363 0
30.7 0 1 8.35173 11.0192 10 0.806937 -0.104623 0
30.7 1 1 11.6483 8.98078 10 -0.806937 0.104623 0
30.8 0 1 8.45244 10.9962 10 1.2058 -0.356199 0
30.8 1 1 11.5476 9.00378 10 -1.2058 0.356199 0
30.9 0 1 8.59085 10.949 10 1.51195 -0.556929 0
30.9 1 1 11.4092 9.05103 10 -1.51195 0.556929 0
31 0 1 8.72458 10.9054 10 0.873835 -0.110686 0
31 1 1 11.2754 9.0946 10 -0.873835 0.110686 0
31.1 0 1 8.72151 10.9597 10 -0.778723 1.09298 0
31.1 1 1 11.2785 9.04028 10 0.778723 -1.09298 0
31.2 0 1 8.62579 11.0825 10 -0.942867 1.21572 0
31.2 1 1 11.3742 8.9175 10 0.942867 -1.21572 0
31.3 0 1 8.54816 11.1908 10 -0.597305 0.937601 0
31.3 1 1 11.4518 8.80925 10 0.597305 -0.937601 0
31.4 0 1 8.50664 11.2694 10 -0.242615 0.641489 0
31.4 1 1 11.4934 8.7306 10 0.242615 -0.641489 0
31.5 0 1 8.49885 11.3194 10 0.0793338 0.363273 0
31.5 1 1 11.5012 8.68061 10 -0.0793338 -0.363273 0
31.6 0 1 8.52233 11.3419 10 0.386678 0.0887299 0
31.6 1 1 11.4777 8.65809 10 -0.386678 -0.0887299 0
31.7 0 1 8.57676 11.3363 10 0.701749 -0.202181 0
31.7 1 1 11.4232 8.66369 10 -0.701749 0.202181 0
31.8 0 1 8.66378 11.3001 10 1.03868 -0.524143 0
31.8 1 1 11.3362 8.69991 10 -1.03868 0.524143 0
31.9 0 1 8.78401 11.2316 10 1.33971 -0.822318 0
31.9 1 1 11.216 8.76844 10 -1.33971 0.822318 0
32 0 1 8.91443 11.1531 10 1.07447 -0.542566 0
32 1 1 11.0856 8.84688 10 -1.07447 0.542566 0
32.1 0 1 8.95137 11.1752 10 -0.348875 1.01084 0
32.1 1 1 11.0486 8.82481 10 0.348875 -1.01084 0
32.2 0 1 8.88739 11.3092 10 -0.714116 1.42451 0
32.2 1 1 11.1126 8.69079 10 0.714116 -1.42451 0
32.3 0 1 8.82768 11.4377 10 -0.457381 1.11536 0
32.3 1 1 11.1723 8.56234 10 0.457381 -1.11536 0
32.4 0 1 8.79695 11.5306 10 -0.164343 0.749378 0
32.4 1 1 11.203 8.46944 10 0.164343 -0.749378 0
32.5 0 1 8.79407 11.5881 10 0.0996771 0.407741 0
32.5 1 1 11.2059 8.41194 10 -0.0996771 -0.407741 0
32.6 0 1 8.81657 11.6121 10 0.346436 0.0773113 0
32.6 1 1 11.1834 8.38785 10 -0.346436 -0.0773113 0
32.7 0 1 8.86363 11.6028 10 0.593977 -0.265762 0
32.7 1 1 11.1364 8.39724 10 -0.593977 0.265762 0
32.8 0 1 8.93612 11.5575 10 0.855948 -0.642118 0
32.8 1 1 11.0639 8.44251 10 -0.855948 0.642118 0
32.9 0 1 9.03499 11.4736 10 1.10918 -1.02018 0
32.9 1 1 10.965 8.5264 10 -1.10918 1.02018 0
33 0 1 9.14936 11.3663 10 1.06853 -0.952194 0
33 1 1 10.8506 8.63365 10 -1.06853 0.952194 0
33.1 0 1 9.21163 11.3444 10 0.0641059 0.715161 0
33.1 1 1 10.7884 8.65558 10 -0.0641059 -0.715161 0
33.2 0 1 9.18371 11.4753 10 -0.422886 1.56057 0
33.2 1 1 10.8163 8.52472 10 0.422886 -1.56057 0
33.3 0 1 9.14763 11.6199 10 -0.267614 1.27116 0
33.3 1 1 10.8524 8.38015 10 0.267614 -1.27116 0
33.4 0 1 9.13192 11.7257 10 -0.0512193 0.850596 0
33.4 1 1 10.8681 8.27435 10 0.0512193 -0.850596 0
33.5 0 1 9.13679 11.7906 10 0.14279 0.456811 0
33.5 1 1 10.8632 8.20943 10 -0.14279 -0.456811 0
33.6 0 1 9.16008 11.8173 10 0.319561 0.0824662 0
33.6 1 1 10.8399 8.18271 10 -0.319561 -0.0824662 0
33.7 0 1 9.20073 11.8065 10 0.492014 -0.298777 0
33.7 1 1 10.7993 8.19354 10 -0.492014 0.298777 0
33.8 0 1 9.25888 11.756 10 0.670718 -0.71218 0
33.8 1 1 10.7411 8.24396 10 -0.670718 0.71218 0
33.9 0 1 9.33514 11.6627 10 0.849325 -1.14635 0
33.9 1 1 10.6649 8.33732 10 -0.849325 1.14635 0
34 0 1 9.42519 11.5351 10 0.90103 -1.27551 0
34 1 1 10.5748 8.46489 10 -0.90103 1.27551 0
34.1 0 1 9.49405 11.4663 10 0.361706 0.236462 0
34.1 1 1 10.506 8.53372 10 -0.361706 -0.236462 0
34.2 0 1 9.50089 11.5769 10 -0.0908097 1.58921 0
34.2 1 1 10.4991 8.42313 10 0.0908097 -1.58921 0
34.3 0 1 9.49317 11.7312 10 -0.0313511 1.38957 0
34.3 1 1 10.5068 8.26881 10 0.0313511 -1.38957 0
34.4 0 1 9.49656 11.8473 10 0.0969865 0.935225 0
34.4 1 1 10.5034 8.15267 10 -0.0969865 -0.935225 0
34.5 0 1 9.51215 11.9187 10 0.210859 0.503069 0
34.5 1 1 10.4878 8.08128 10 -0.210859 -0.503069 0
34.6 0 1 9.53835 11.9485 10 0.310316 0.0982619 0
34.6 1 1 10.4617 8.05154 10 -0.310316 -0.0982619 0
34.7 0 1 9.57408 11.938 10 0.402732 -0.306357 0
34.7 1 1 10.4259 8.06203 10 -0.402732 0.306357 0
34.8 0 1 9.61896 11.8858 10 0.494018 -0.739096 0
34.8 1 1 10.381 8.11418 10 -0.494018 0.739096 0
34.9 0 1 9.67294 11.7885 10 0.583595 -1.20393 0
34.9 1 1 10.3271 8.21151 10 -0.583595 1.20393 0
35 0 1 9.73457 11.6497 10 0.632801 -1.48403 0
35 1 1 10.2654 8.35034 10 -0.632801 1.48403 0
35.1 0 1 9.79213 11.5398 10 0.46652 -0.328885 0
35.1 1 1 10.2079 8.46016 10 -0.46652 0.328885 0
35.2 0 1 9.82522 11.6137 10 0.242769 1.47752 0
35.2 1 1 10.1748 8.3863 10 -0.242769 -1.47752 0
35.3 0 1 9.84866 11.769 10 0.243021 1.45432 0
35.3 1 1 10.1513 8.23103 10 -0.243021 -1.45432 0
35.4 0 1 9.87475 11.8916 10 0.27788 0.992867 0
35.4 1 1 10.1252 8.10837 10 -0.27788 -0.992867 0
35.5 0 1 9.90395 11.9676 10 0.30406 0.538489 0
35.5 1 1 10.0961 8.03237 10 -0.30406 -0.538489 0
35.6 0 1 9.93528 12 10 0.321178 0.11788 0
35.6 1 1 10.0647 7.99995 10 -0.321178 -0.11788 0
35.7 0 1 9.96796 11.9911 10 0.331206 -0.29491 0
35.7 1 1 10.032 8.00895 10 -0.331206 0.29491 0
35.8 0 1 10.0013 11.9399 10 0.334575 -0.729607 0
35.8 1 1 9.99869 8.0601 10 -0.334575 0.729607 0
35.9 0 1 10.0346 11.8434 10 0.330071 -1.20061 0
35.9 1 1 9.96539 8.15663 10 -0.330071 1.20061 0
36 0 1 10.0671 11.7017 10 0.319831 -1.57594 0
36 1 1 9.93291 8.29825 10 -0.319831 1.57594 0
36.1 0 1 10.1001 11.563 10 0.361194 -0.853665 0
36.1 1 1 9.89991 8.43698 10 -0.361194 0.853665 0
36.2 0 1 10.1443 11.5887 10 0.518628 1.20548 0
36.2 1 1 9.85571 8.4113 10 -0.518628 -1.20548 0
36.3 0 1 10.1985 11.734 10 0.540752 1.44936 0
36.3 1 1 9.80151 8.26596 10 -0.540752 -1.44936 0
36.4 0 1 10.25 11.8581 10 0.486156 1.01324 0
36.4 1 1 9.74997 8.14188 10 -0.486156 -1.01324 0
36.5 0 1 10.2953 11.936 10 0.420404 0.554911 0
36.5 1 1 9.70466 8.06403 10 -0.420404 -0.554911 0
36.6 0 1 10.334 11.97 10 0.352685 0.134066 0
36.6 1 1 9.66602 8.03004 10 -0.352685 -0.134066 0
36.7 0 1 10.3657 11.9629 10 0.280542 -0.271644 0
36.7 1 1 9.63434 8.03712 10 -0.280542 0.271644 0
36.8 0 1 10.3897 11.9147 10 0.198683 -0.691766 0
36.8 1 1 9.61031 8.08527 10 -0.198683 0.691766 0
36.9 0 1 10.4048 11.8229 10 0.101928 -1.14672 0
36.9 1 1 9.5952 8.17713 10 -0.101928 1.14672 0
37 0 1 10.4099 11.6857 10 0.00516541 -1.5647 0
37 1 1 9.59015 8.31433 10 -0.00516541 1.5647 0
37.1 0 1 10.4113 11.5325 10 0.0925377 -1.23555 0
37.1 1 1 9.5887 8.46747 10 -0.0925377 1.23555 0
37.2 0 1 10.4479 11.5073 10 0.664069 0.783427 0
37.2 1 1 9.55205 8.49273 10 -0.664069 -0.783427 0
37.3 0 1 10.528 11.6306 10 0.839176 1.36064 0
37.3 1 1 9.47202 8.36936 10 -0.839176 -1.36064 0
37.4 0 1 10.6063 11.7499 10 0.713375 0.986853 0
37.4 1 1 9.39369 8.2501 10 -0.713375 -0.986853 0
37.5 0 1 10.6697 11.826 10 0.555681 0.544557 0
37.5 1 1 9.33033 8.174 10 -0.555681 -0.544557 0
37.6 0 1 10.7175 11.8597 10 0.403374 0.139598 0
37.6 1 1 9.2825 8.14028 10 -0.403374 -0.139598 0
37.7 0 1 10.7502 11.8542 10 0.251795 -0.244078 0
37.7 1 1 9.24978 8.14576 10 -0.251795 0.244078 0
37.8 0 1 10.7674 11.8103 10 0.0901743 -0.634322 0
37.8 1 1 9.23263 8.18971 10 -0.0901743 0.634322 0
37.9 0 1 10.7674 11.726 10 -0.0920155 -1.05399 0
37.9 1 1 9.23262 8.27405 10 0.0920155 1.05399 0
38 0 1 10.7484 11.5989 10 -0.281764 -1.47051 0
38 1 1 9.25162 8.40113 10 0.281764 1.47051 0
38.1 0 1 10.717 11.4451 10 -0.259752 -1.42997 0
38.1 1 1 9.28295 8.55494 10 0.259752 1.42997 0
38.2 0 1 10.7287 11.376 10 0.614889 0.269057 0
38.2 1 1 9.27129 8.62404 10 -0.614889 -0.269057 0
38.3 0 1 10.8242 11.4661 10 1.10619 1.17908 0
38.3 1 1 9.17583 8.53392 10 -1.10619 -1.17908 0
38.4 0 1 10.9287 11.5734 10 0.947776 0.905838 0
38.4 1 1 9.07128 8.42656 10 -0.947776 -0.905838 0
38.5 0 1 11.0112 11.6434 10 0.7035 0.500564 0
38.5 1 1 8.98883 8.35657 10 -0.7035 -0.500564 0
38.6 0 1 11.0696 11.6744 10 0.469826 0.127766 0
38.6 1 1 8.9304 8.32564 10 -0.469826 -0.127766 0
38.7 0 1 11.1052 11.6695 10 0.243998 -0.219556 0
38.7 1 1 8.89482 8.33051 10 -0.243998 0.219556 0
38.8 0 1 11.1179 11.6301 10 0.0104827 -0.566152 0
38.8 1 1 8.88208 8.36987 10 -0.0104827 0.566152 0
38.9 0 1 11.1062 11.5552 10 -0.24678 -0.934514 0
38.9 1 1 8.89378 8.44485 10 0.24678 0.934514 0
39 0 1 11.0675 11.4423 10 -0.522949 -1.31539 0
39 1 1 8.93247 8.55775 10 0.522949 1.31539 0
39.1 0 1 11.0065 11.299 10 -0.619378 -1.44522 0
39.1 1 1 8.99355 8.70105 10 0.619378 1.44522 0
39.2 0 1 10.9814 11.2009 10 0.350307 -0.233669 0
39.2 1 1 9.01863 8.7991 10 -0.350307 0.233669 0
39.3 0 1 11.0766 11.2502 10 1.29964 0.905414 0
39.3 1 1 8.92338 8.74982 10 -1.29964 -0.905414 0
39.4 0 1 11.2043 11.3382 10 1.17416 0.764957 0
39.4 1 1 8.79573 8.66184 10 -1.17416 -0.764957 0
39.5 0 1 11.3058 11.3972 10 0.855431 0.417529 0
39.5 1 1 8.69425 8.60282 10 -0.855431 -0.417529 0
39.6 0 1 11.3755 11.4222 10 0.546808 0.0928335 0
39.6 1 1 8.62448 8.57776 10 -0.546808 -0.0928335 0
39.7 0 1 11.4154 11.4164 10 0.254283 -0.204785 0
39.7 1 1 8.58463 8.58365 10 -0.254283 0.204785 0
39.8 0 1 11.426 11.3812 10 -0.0412076 -0.495737 0
39.8 1 1 8.57401 8.61879 10 0.0412076 0.495737 0
39.9 0 1 11.406 11.3165 10 -0.360724 -0.800047 0
39.9 1 1 8.59399 8.68355 10 0.360724 0.800047 0
