0 0 0 8.5 10 10 0 0 0
0 1 0 11.5 10 10 0 0 0
0.1 0 0 8.50017 10 10 0.00328399 0 0
0.1 1 0 11.4998 10 10 -0.00328399 0 0
0.2 0 0 8.50066 10 10 0.006573 0 0
0.2 1 0 11.4993 10 10 -0.006573 0 0
0.3 0 0 8.50148 10 10 0.0098721 0 0
0.3 1 0 11.4985 10 10 -0.0098721 0 0
0.4 0 0 8.50264 10 10 0.0131864 0 0
0.4 1 0 11.4974 10 10 -0.0131864 0 0
0.5 0 0 8.50413 10 10 0.0165212 0 0
0.5 1 0 11.4959 10 10 -0.0165212 0 0
0.6 0 0 8.50595 10 10 0.0198818 0 0
0.6 1 0 11.4941 10 10 -0.0198818 0 0
0.7 0 0 8.50811 10 10 0.0232738 0 0
0.7 1 0 11.4919 10 10 -0.0232738 0 0
0.8 0 0 8.51061 10 10 0.0267029 0 0
0.8 1 0 11.4894 10 10 -0.0267029 0 0
0.9 0 0 8.51345 10 10 0.0301753 0 0
0.9 1 0 11.4865 10 10 -0.0301753 0 0
1 0 0 8.51665 10 10 0.0336972 0 0
1 1 0 11.4834 10 10 -0.0336972 0 0
1.1 0 0 8.5202 10 10 0.0372755 0 0
1.1 1 0 11.4798 10 10 -0.0372755 0 0
1.2 0 0 8.52411 10 10 0.0409173 0 0
1.2 1 0 11.4759 10 10 -0.0409173 0 0
1.3 0 0 8.52839 10 10 0.0446302 0 0
1.3 1 0 11.4716 10 10 -0.0446302 0 0
1.4 0 0 8.53304 10 10 0.0484227 0 0
1.4 1 0 11.467 10 10 -0.0484227 0 0
1.5 0 0 8.53808 10 10 0.0523036 0 0
1.5 1 0 11.4619 10 10 -0.0523036 0 0
1.6 0 0 8.54351 10 10 0.0562827 0 0
1.6 1 0 11.4565 10 10 -0.0562827 0 0
1.7 0 0 8.54934 10 10 0.0603706 0 0
1.7 1 0 11.4507 10 10 -0.0603706 0 0
1.8 0 0 8.55559 10 10 0.0645791 0 0
1.8 1 0 11.4444 10 10 -0.0645791 0 0
1.9 0 0 8.56227 10 10 0.068921 0 0
1.9 1 0 11.4377 10 10 -0.068921 0 0
2 0 0 8.56938 10 10 0.0734107 0 0
2 1 0 11.4306 10 10 -0.0734107 0 0
2.1 0 0 8.57696 10 10 0.0780641 0 0
2.1 1 0 11.423 10 10 -0.0780641 0 0
2.2 0 0 8.58501 10 10 0.0828992 0 0
2.2 1 0 11.415 10 10 -0.0828992 0 0
2.3 0 0 8.59355 10 10 0.0879361 0 0
2.3 1 0 11.4065 10 10 -0.0879361 0 0
2.4 0 0 8.60261 10 10 0.0931976 0 0
2.4 1 0 11.3974 10 10 -0.0931976 0 0
2.5 0 0 8.6122 10 10 0.0987099 0 0
2.5 1 0 11.3878 10 10 -0.0987099 0 0
2.6 0 0 8.62236 10 10 0.104503 0 0
2.6 1 0 11.3776 10 10 -0.104503 0 0
2.7 0 0 8.63312 10 10 0.11061 0 0
2.7 1 0 11.3669 10 10 -0.11061 0 0
2.8 0 0 8.6445 10 10 0.117072 0 0
2.8 1 0 11.3555 10 10 -0.117072 0 0
2.9 0 0 8.65655 10 10 0.123936 0 0
2.9 1 0 11.3434 10 10 -0.123936 0 0
3 0 0 8.66931 10 10 0.131255 0 0
3 1 0 11.3307 10 10 -0.131255 0 0
3.1 0 0 8.68283 10 10 0.139096 0 0
3.1 1 0 11.3172 10 10 -0.139096 0 0
3.2 0 0 8.69716 10 10 0.147535 0 0
3.2 1 0 11.3028 10 10 -0.147535 0 0
3.3 0 0 8.71237 10 10 0.156667 0 0
3.3 1 0 11.2876 10 10 -0.156667 0 0
3.4 0 0 8.72853 10 10 0.166608 0 0
3.4 1 0 11.2715 10 10 -0.166608 0 0
3.5 0 0 8.74573 10 10 0.177497 0 0
3.5 1 0 11.2543 10 10 -0.177497 0 0
3.6 0 0 8.76408 10 10 0.189514 0 0
3.6 1 0 11.2359 10 10 -0.189514 0 0
3.7 0 0 8.78369 10 10 0.202884 0 0
3.7 1 0 11.2163 10 10 -0.202884 0 0
3.8 0 0 8.80472 10 10 0.217899 0 0
3.8 1 0 11.1953 10 10 -0.217899 0 0
3.9 0 0 8.82736 10 10 0.234941 0 0
3.9 1 0 11.1726 10 10 -0.234941 0 0
4 0 0 8.85182 10 10 0.254526 0 0
4 1 0 11.1482 10 10 -0.254526 0 0
4.1 0 0 8.87839 10 10 0.277367 0 0
4.1 1 0 11.1216 10 10 -0.277367 0 0
4.2 0 0 8.90746 10 10 0.304476 0 0
4.2 1 0 11.0925 10 10 -0.304476 0 0
4.3 0 0 8.93951 10 10 0.337347 0 0
4.3 1 0 11.0605 10 10 -0.337347 0 0
4.4 0 0 8.97523 10 10 0.378288 0 0
4.4 1 0 11.0248 10 10 -0.378288 0 0
4.5 0 0 9.0156 10 10 0.431064 0 0
4.5 1 0 10.9844 10 10 -0.431064 0 0
4.6 0 0 9.06211 10 10 0.502296 0 0
4.6 1 0 10.9379 10 10 -0.502296 0 0
4.7 0 0 9.11718 10 10 0.604805 0 0
4.7 1 0 10.8828 10 10 -0.604805 0 0
4.8 0 0 9.18515 10 10 0.767004 0 0
4.8 1 0 10.8148 10 10 -0.767004 0 0
4.9 0 0 9.27516 10 10 1.06428 0 0
4.9 1 0 10.7248 10 10 -1.06428 0 0
5 0 0 9.4092 10 10 1.66214 0 0
5 1 0 10.5908 10 10 -1.66214 0 0
5.1 0 0 9.46919 10 10 -1.57493 0 0
5.1 1 0 10.5308 10 10 1.57493 0 0
5.2 0 0 9.31583 10 10 -1.241 0 0
5.2 1 0 10.6842 10 10 1.241 0 0
5.3 0 0 9.21377 10 10 -0.852704 0 0
5.3 1 0 10.7862 10 10 0.852704 0 0
5.4 0 0 9.13945 10 10 -0.654567 0 0
5.4 1 0 10.8605 10 10 0.654567 0 0
5.5 0 0 9.08047 10 10 -0.535002 0 0
5.5 1 0 10.9195 10 10 0.535002 0 0
5.6 0 0 9.03127 10 10 -0.454378 0 0
5.6 1 0 10.9687 10 10 0.454378 0 0
5.7 0 0 8.98893 10 10 -0.395869 0 0
5.7 1 0 11.0111 10 10 0.395869 0 0
5.8 0 0 8.9517 10 10 -0.351163 0 0
5.8 1 0 11.0483 10 10 0.351163 0 0
5.9 0 0 8.91843 10 10 -0.315679 0 0
5.9 1 0 11.0816 10 10 0.315679 0 0
6 0 0 8.88838 10 10 -0.286679 0 0
6 1 0 11.1116 10 10 0.286679 0 0
6.1 0 0 8.86097 10 10 -0.262421 0 0
6.1 1 0 11.139 10 10 0.262421 0 0
6.2 0 0 8.8358 10 10 -0.241746 0 0
6.2 1 0 11.1642 10 10 0.241746 0 0
6.3 0 0 8.81255 10 10 -0.223846 0 0
6.3 1 0 11.1875 10 10 0.223846 0 0
6.4 0 0 8.79097 10 10 -0.208143 0 0
6.4 1 0 11.209 10 10 0.208143 0 0
6.5 0 0 8.77087 10 10 -0.194213 0 0
6.5 1 0 11.2291 10 10 0.194213 0 0
6.6 0 0 8.75209 10 10 -0.181732 0 0
6.6 1 0 11.2479 10 10 0.181732 0 0
6.7 0 0 8.7345 10 10 -0.170454 0 0
6.7 1 0 11.2655 10 10 0.170454 0 0
6.8 0 0 8.71798 10 10 -0.160187 0 0
6.8 1 0 11.282 10 10 0.160187 0 0
6.9 0 0 8.70244 10 10 -0.150775 0 0
6.9 1 0 11.2976 10 10 0.150775 0 0
7 0 0 8.68781 10 10 -0.142095 0 0
7 1 0 11.3122 10 10 0.142095 0 0
7.1 0 0 8.67401 10 10 -0.134046 0 0
7.1 1 0 11.326 10 10 0.134046 0 0
7.2 0 0 8.66099 10 10 -0.126545 0 0
7.2 1 0 11.339 10 10 0.126545 0 0
7.3 0 0 8.64869 10 10 -0.119522 0 0
7.3 1 0 11.3513 10 10 0.119522 0 0
7.4 0 0 8.63708 10 10 -0.11292 0 0
7.4 1 0 11.3629 10 10 0.11292 0 0
7.5 0 0 8.6261 10 10 -0.106688 0 0
7.5 1 0 11.3739 10 10 0.106688 0 0
7.6 0 0 8.61574 10 10 -0.100785 0 0
7.6 1 0 11.3843 10 10 0.100785 0 0
7.7 0 0 8.60594 10 10 -0.0951743 0 0
7.7 1 0 11.3941 10 10 0.0951743 0 0
7.8 0 0 8.5967 10 10 -0.0898247 0 0
7.8 1 0 11.4033 10 10 0.0898247 0 0
7.9 0 0 8.58797 10 10 -0.0847088 0 0
7.9 1 0 11.412 10 10 0.0847088 0 0
8 0 0 8.57975 10 10 -0.0798027 0 0
8 1 0 11.4202 10 10 0.0798027 0 0
8.1 0 0 8.57201 10 10 -0.0750853 0 0
8.1 1 0 11.428 10 10 0.0750853 0 0
8.2 0 0 8.56474 10 10 -0.0705379 0 0
8.2 1 0 11.4353 10 10 0.0705379 0 0
8.3 0 0 8.5579 10 10 -0.066144 0 0
8.3 1 0 11.4421 10 10 0.066144 0 0
8.4 0 0 8.55151 10 10 -0.0618885 0 0
8.4 1 0 11.4485 10 10 0.0618885 0 0
8.5 0 0 8.54553 10 10 -0.0577581 0 0
8.5 1 0 11.4545 10 10 0.0577581 0 0
8.6 0 0 8.53995 10 10 -0.0537406 0 0
8.6 1 0 11.46 10 10 0.0537406 0 0
8.7 0 0 8.53478 10 10 -0.0498252 0 0
8.7 1 0 11.4652 10 10 0.0498252 0 0
8.8 0 0 8.52999 10 10 -0.0460016 0 0
8.8 1 0 11.47 10 10 0.0460016 0 0
8.9 0 0 8.52558 10 10 -0.0422606 0 0
8.9 1 0 11.4744 10 10 0.0422606 0 0
9 0 0 8.52154 10 10 -0.0385938 0 0
9 1 0 11.4785 10 10 0.0385938 0 0
9.1 0 0 8.51786 10 10 -0.0349933 0 0
9.1 1 0 11.4821 10 10 0.0349933 0 0
9.2 0 0 8.51454 10 10 -0.0314516 0 0
9.2 1 0 11.4855 10 10 0.0314516 0 0
9.3 0 0 8.51157 10 10 -0.027962 0 0
9.3 1 0 11.4884 10 10 0.027962 0 0
9.4 0 0 8.50895 10 10 -0.0245178 0 0
9.4 1 0 11.491 10 10 0.0245178 0 0
9.5 0 0 8.50667 10 10 -0.021113 0 0
9.5 1 0 11.4933 10 10 0.021113 0 0
9.6 0 0 8.50473 10 10 -0.0177416 0 0
9.6 1 0 11.4953 10 10 0.0177416 0 0
9.7 0 0 8.50313 10 10 -0.0143981 0 0
9.7 1 0 11.4969 10 10 0.0143981 0 0
9.8 0 0 8.50185 10 10 -0.0110769 0 0
9.8 1 0 11.4981 10 10 0.0110769 0 0
9.9 0 0 8.50091 10 10 -0.00777288 0 0
9.9 1 0 11.4991 10 10 0.00777288 0 0
10 0 0 8.5003 10 10 -0.00448079 0 0
10 1 0 11.4997 10 10 0.00448079 0 0
10.1 0 0 8.50002 10 10 -0.00119555 0 0
10.1 1 0 11.5 10 10 0.00119555 0 0
10.2 0 0 8.50007 10 10 0.00208785 0 0
10.2 1 0 11.4999 10 10 -0.00208785 0 0
10.3 0 0 8.50044 10 10 0.00537445 0 0
10.3 1 0 11.4996 10 10 -0.00537445 0 0
10.4 0 0 8.50115 10 10 0.00866929 0 0
10.4 1 0 11.4989 10 10 -0.00866929 0 0
10.5 0 0 8.50218 10 10 0.0119775 0 0
10.5 1 0 11.4978 10 10 -0.0119775 0 0
10.6 0 0 8.50355 10 10 0.0153042 0 0
10.6 1 0 11.4965 10 10 -0.0153042 0 0
10.7 0 0 8.50524 10 10 0.0186547 0 0
10.7 1 0 11.4948 10 10 -0.0186547 0 0
10.8 0 0 8.50728 10 10 0.0220346 0 0
10.8 1 0 11.4927 10 10 -0.0220346 0 0
10.9 0 0 8.50966 10 10 0.0254496 0 0
10.9 1 0 11.4903 10 10 -0.0254496 0 0
11 0 0 8.51238 10 10 0.0289055 0 0
11 1 0 11.4876 10 10 -0.0289055 0 0
11.1 0 0 8.51544 10 10 0.0324086 0 0
11.1 1 0 11.4846 10 10 -0.0324086 0 0
11.2 0 0 8.51886 10 10 0.0359655 0 0
11.2 1 0 11.4811 10 10 -0.0359655 0 0
11.3 0 0 8.52264 10 10 0.0395833 0 0
11.3 1 0 11.4774 10 10 -0.0395833 0 0
11.4 0 0 8.52678 10 10 0.0432695 0 0
11.4 1 0 11.4732 10 10 -0.0432695 0 0
11.5 0 0 8.5313 10 10 0.047032 0 0
11.5 1 0 11.4687 10 10 -0.047032 0 0
11.6 0 0 8.5362 10 10 0.0508796 0 0
11.6 1 0 11.4638 10 10 -0.0508796 0 0
11.7 0 0 8.54148 10 10 0.0548218 0 0
11.7 1 0 11.4585 10 10 -0.0548218 0 0
11.8 0 0 8.54717 10 10 0.0588688 0 0
11.8 1 0 11.4528 10 10 -0.0588688 0 0
11.9 0 0 8.55327 10 10 0.0630319 0 0
11.9 1 0 11.4467 10 10 -0.0630319 0 0
12 0 0 8.55978 10 10 0.0673236 0 0
12 1 0 11.4402 10 10 -0.0673236 0 0
12.1 0 0 8.56674 10 10 0.0717577 0 0
12.1 1 0 11.4333 10 10 -0.0717577 0 0
12.2 0 0 8.57415 10 10 0.0763496 0 0
12.2 1 0 11.4259 10 10 -0.0763496 0 0
12.3 0 0 8.58202 10 10 0.0811163 0 0
12.3 1 0 11.418 10 10 -0.0811163 0 0
12.4 0 0 8.59038 10 10 0.0860772 0 0
12.4 1 0 11.4096 10 10 -0.0860772 0 0
12.5 0 0 8.59925 10 10 0.0912541 0 0
12.5 1 0 11.4008 10 10 -0.0912541 0 0
12.6 0 0 8.60864 10 10 0.0966718 0 0
12.6 1 0 11.3914 10 10 -0.0966718 0 0
12.7 0 0 8.6186 10 10 0.102359 0 0
12.7 1 0 11.3814 10 10 -0.102359 0 0
12.8 0 0 8.62913 10 10 0.108347 0 0
12.8 1 0 11.3709 10 10 -0.108347 0 0
12.9 0 0 8.64028 10 10 0.114675 0 0
12.9 1 0 11.3597 10 10 -0.114675 0 0
13 0 0 8.65209 10 10 0.121387 0 0
13 1 0 11.3479 10 10 -0.121387 0 0
13.1 0 0 8.66458 10 10 0.128533 0 0
13.1 1 0 11.3354 10 10 -0.128533 0 0
13.2 0 0 8.67782 10 10 0.136176 0 0
13.2 1 0 11.3222 10 10 -0.136176 0 0
13.3 0 0 8.69184 10 10 0.144387 0 0
13.3 1 0 11.3082 10 10 -0.144387 0 0
13.4 0 0 8.70673 10 10 0.153255 0 0
13.4 1 0 11.2933 10 10 -0.153255 0 0
13.5 0 0 8.72253 10 10 0.162886 0 0
13.5 1 0 11.2775 10 10 -0.162886 0 0
13.6 0 0 8.73934 10 10 0.173412 0 0
13.6 1 0 11.2607 10 10 -0.173412 0 0
13.7 0 0 8.75726 10 10 0.184995 0 0
13.7 1 0 11.2427 10 10 -0.184995 0 0
13.8 0 0 8.7764 10 10 0.197843 0 0
13.8 1 0 11.2236 10 10 -0.197843 0 0
13.9 0 0 8.79689 10 10 0.212219 0 0
13.9 1 0 11.2031 10 10 -0.212219 0 0
14 0 0 8.81892 10 10 0.228471 0 0
14 1 0 11.1811 10 10 -0.228471 0 0
14.1 0 0 8.84268 10 10 0.24706 0 0
14.1 1 0 11.1573 10 10 -0.24706 0 0
14.2 0 0 8.86845 10 10 0.268617 0 0
14.2 1 0 11.1316 10 10 -0.268617 0 0
14.3 0 0 8.89656 10 10 0.294029 0 0
14.3 1 0 11.1034 10 10 -0.294029 0 0
14.4 0 0 8.92745 10 10 0.324588 0 0
14.4 1 0 11.0725 10 10 -0.324588 0 0
14.5 0 0 8.96174 10 10 0.36225 0 0
14.5 1 0 11.0383 10 10 -0.36225 0 0
14.6 0 0 9.00028 10 10 0.410144 0 0
14.6 1 0 10.9997 10 10 -0.410144 0 0
14.7 0 0 9.04434 10 10 0.473608 0 0
14.7 1 0 10.9557 10 10 -0.473608 0 0
14.8 0 0 9.09592 10 10 0.562587 0 0
14.8 1 0 10.9041 10 10 -0.562587 0 0
14.9 0 0 9.15849 10 10 0.697956 0 0
14.9 1 0 10.8415 10 10 -0.697956 0 0
15 0 0 9.23887 10 10 0.931388 0 0
15 1 0 10.7611 10 10 -0.931388 0 0
15.1 0 0 9.35309 10 10 1.40954 0 0
15.1 1 0 10.6469 10 10 -1.40954 0 0
15.2 0 0 9.49928 10 10 0.328122 0 0
15.2 1 0 10.5007 10 10 -0.328122 0 0
15.3 0 0 9.36497 10 10 -1.47372 0 0
15.3 1 0 10.635 10 10 1.47372 0 0
15.4 0 0 9.24667 10 10 -0.961766 0 0
15.4 1 0 10.7533 10 10 0.961766 0 0
15.5 0 0 9.16431 10 10 -0.714177 0 0
15.5 1 0 10.8357 10 10 0.714177 0 0
15.6 0 0 9.1006 10 10 -0.572686 0 0
15.6 1 0 10.8994 10 10 0.572686 0 0
15.7 0 0 9.04827 10 10 -0.480551 0 0
15.7 1 0 10.9517 10 10 0.480551 0 0
15.8 0 0 9.00369 10 10 -0.415248 0 0
15.8 1 0 10.9963 10 10 0.415248 0 0
15.9 0 0 8.96474 10 10 -0.366186 0 0
15.9 1 0 11.0353 10 10 0.366186 0 0
16 0 0 8.93014 10 10 -0.327733 0 0
16 1 0 11.0699 10 10 0.327733 0 0
16.1 0 0 8.89899 10 10 -0.296614 0 0
16.1 1 0 11.101 10 10 0.296614 0 0
16.2 0 0 8.87067 10 10 -0.270788 0 0
16.2 1 0 11.1293 10 10 0.270788 0 0
16.3 0 0 8.84472 10 10 -0.248917 0 0
16.3 1 0 11.1553 10 10 0.248917 0 0
16.4 0 0 8.82081 10 10 -0.230083 0 0
16.4 1 0 11.1792 10 10 0.230083 0 0
16.5 0 0 8.79865 10 10 -0.213636 0 0
16.5 1 0 11.2014 10 10 0.213636 0 0
16.6 0 0 8.77803 10 10 -0.199102 0 0
16.6 1 0 11.222 10 10 0.199102 0 0
16.7 0 0 8.75879 10 10 -0.186126 0 0
16.7 1 0 11.2412 10 10 0.186126 0 0
16.8 0 0 8.74078 10 10 -0.174435 0 0
16.8 1 0 11.2592 10 10 0.174435 0 0
16.9 0 0 8.72388 10 10 -0.163819 0 0
16.9 1 0 11.2761 10 10 0.163819 0 0
17 0 0 8.70799 10 10 -0.154111 0 0
17 1 0 11.292 10 10 0.154111 0 0
17.1 0 0 8.69304 10 10 -0.145178 0 0
17.1 1 0 11.307 10 10 0.145178 0 0
17.2 0 0 8.67894 10 10 -0.136909 0 0
17.2 1 0 11.3211 10 10 0.136909 0 0
17.3 0 0 8.66564 10 10 -0.129218 0 0
17.3 1 0 11.3344 10 10 0.129218 0 0
17.4 0 0 8.65309 10 10 -0.122028 0 0
17.4 1 0 11.3469 10 10 0.122028 0 0
17.5 0 0 8.64123 10 10 -0.115279 0 0
17.5 1 0 11.3588 10 10 0.115279 0 0
17.6 0 0 8.63003 10 10 -0.108917 0 0
17.6 1 0 11.37 10 10 0.108917 0 0
17.7 0 0 8.61944 10 10 -0.102899 0 0
17.7 1 0 11.3806 10 10 0.102899 0 0
17.8 0 0 8.60944 10 10 -0.0971856 0 0
17.8 1 0 11.3906 10 10 0.0971856 0 0
17.9 0 0 8.6 10 10 -0.0917443 0 0
17.9 1 0 11.4 10 10 0.0917443 0 0
18 0 0 8.59109 10 10 -0.0865462 0 0
18 1 0 11.4089 10 10 0.0865462 0 0
18.1 0 0 8.58269 10 10 -0.0815663 0 0
18.1 1 0 11.4173 10 10 0.0815663 0 0
18.2 0 0 8.57478 10 10 -0.0767824 0 0
18.2 1 0 11.4252 10 10 0.0767824 0 0
18.3 0 0 8.56733 10 10 -0.0721752 0 0
18.3 1 0 11.4327 10 10 0.0721752 0 0
18.4 0 0 8.56034 10 10 -0.0677272 0 0
18.4 1 0 11.4397 10 10 0.0677272 0 0
18.5 0 0 8.55379 10 10 -0.0634229 0 0
18.5 1 0 11.4462 10 10 0.0634229 0 0
18.6 0 0 8.54766 10 10 -0.0592484 0 0
18.6 1 0 11.4523 10 10 0.0592484 0 0
18.7 0 0 8.54194 10 10 -0.0551912 0 0
18.7 1 0 11.4581 10 10 0.0551912 0 0
18.8 0 0 8.53662 10 10 -0.0512398 0 0
18.8 1 0 11.4634 10 10 0.0512398 0 0
18.9 0 0 8.53169 10 10 -0.0473838 0 0
18.9 1 0 11.4683 10 10 0.0473838 0 0
19 0 0 8.52714 10 10 -0.0436138 0 0
19 1 0 11.4729 10 10 0.0436138 0 0
19.1 0 0 8.52297 10 10 -0.039921 0 0
19.1 1 0 11.477 10 10 0.039921 0 0
19.2 0 0 8.51916 10 10 -0.0362972 0 0
19.2 1 0 11.4808 10 10 0.0362972 0 0
19.3 0 0 8.51571 10 10 -0.0327349 0 0
19.3 1 0 11.4843 10 10 0.0327349 0 0
19.4 0 0 8.51261 10 10 -0.0292271 0 0
19.4 1 0 11.4874 10 10 0.0292271 0 0
19.5 0 0 8.50987 10 10 -0.0257671 0 0
19.5 1 0 11.4901 10 10 0.0257671 0 0
19.6 0 0 8.50746 10 10 -0.0223486 0 0
19.6 1 0 11.4925 10 10 0.0223486 0 0
19.7 0 0 8.5054 10 10 -0.0189657 0 0
19.7 1 0 11.4946 10 10 0.0189657 0 0
19.8 0 0 8.50367 10 10 -0.0156127 0 0
19.8 1 0 11.4963 10 10 0.0156127 0 0
19.9 0 0 8.50228 10 10 -0.012284 0 0
19.9 1 0 11.4977 10 10 0.012284 0 0
20 0 0 8.50122 10 10 -0.00897435 0 0
20 1 0 11.4988 10 10 0.00897435 0 0
20.1 0 0 8.50049 10 10 -0.0056785 0 0
20.1 1 0 11.4995 10 10 0.0056785 0 0
20.2 0 0 8.50009 10 10 -0.00239135 0 0
20.2 1 0 11.4999 10 10 0.00239135 0 0
20.3 0 0 8.50001 10 10 0.000892138 0 0
20.3 1 0 11.5 10 10 -0.000892138 0 0
20.4 0 0 8.50027 10 10 0.00417699 0 0
20.4 1 0 11.4997 10 10 -0.00417699 0 0
20.5 0 0 8.50085 10 10 0.00746824 0 0
20.5 1 0 11.4991 10 10 -0.00746824 0 0
20.6 0 0 8.50176 10 10 0.010771 0 0
20.6 1 0 11.4982 10 10 -0.010771 0 0
20.7 0 0 8.50301 10 10 0.0140903 0 0
20.7 1 0 11.497 10 10 -0.0140903 0 0
20.8 0 0 8.50459 10 10 0.0174316 0 0
20.8 1 0 11.4954 10 10 -0.0174316 0 0
20.9 0 0 8.5065 10 10 0.0208001 0 0
20.9 1 0 11.4935 10 10 -0.0208001 0 0
21 0 0 8.50875 10 10 0.0242016 0 0
21 1 0 11.4912 10 10 -0.0242016 0 0
21.1 0 0 8.51135 10 10 0.0276419 0 0
21.1 1 0 11.4887 10 10 -0.0276419 0 0
21.2 0 0 8.51428 10 10 0.0311271 0 0
21.2 1 0 11.4857 10 10 -0.0311271 0 0
21.3 0 0 8.51758 10 10 0.0346637 0 0
21.3 1 0 11.4824 10 10 -0.0346637 0 0
21.4 0 0 8.52122 10 10 0.0382585 0 0
21.4 1 0 11.4788 10 10 -0.0382585 0 0
21.5 0 0 8.52523 10 10 0.0419188 0 0
21.5 1 0 11.4748 10 10 -0.0419188 0 0
21.6 0 0 8.52961 10 10 0.0456525 0 0
21.6 1 0 11.4704 10 10 -0.0456525 0 0
21.7 0 0 8.53437 10 10 0.0494681 0 0
21.7 1 0 11.4656 10 10 -0.0494681 0 0
21.8 0 0 8.53951 10 10 0.0533747 0 0
21.8 1 0 11.4605 10 10 -0.0533747 0 0
21.9 0 0 8.54505 10 10 0.0573823 0 0
21.9 1 0 11.4549 10 10 -0.0573823 0 0
22 0 0 8.551 10 10 0.0615017 0 0
22 1 0 11.449 10 10 -0.0615017 0 0
22.1 0 0 8.55736 10 10 0.0657451 0 0
22.1 1 0 11.4426 10 10 -0.0657451 0 0
22.2 0 0 8.56416 10 10 0.0701257 0 0
22.2 1 0 11.4358 10 10 -0.0701257 0 0
22.3 0 0 8.5714 10 10 0.0746582 0 0
22.3 1 0 11.4286 10 10 -0.0746582 0 0
22.4 0 0 8.5791 10 10 0.0793591 0 0
22.4 1 0 11.4209 10 10 -0.0793591 0 0
22.5 0 0 8.58728 10 10 0.084247 0 0
22.5 1 0 11.4127 10 10 -0.084247 0 0
22.6 0 0 8.59596 10 10 0.0893425 0 0
22.6 1 0 11.404 10 10 -0.0893425 0 0
22.7 0 0 8.60516 10 10 0.0946695 0 0
22.7 1 0 11.3948 10 10 -0.0946695 0 0
22.8 0 0 8.61491 10 10 0.100255 0 0
22.8 1 0 11.3851 10 10 -0.100255 0 0
22.9 0 0 8.62523 10 10 0.106129 0 0
22.9 1 0 11.3748 10 10 -0.106129 0 0
23 0 0 8.63615 10 10 0.112329 0 0
23 1 0 11.3639 10 10 -0.112329 0 0
23.1 0 0 8.64771 10 10 0.118895 0 0
23.1 1 0 11.3523 10 10 -0.118895 0 0
23.2 0 0 8.65995 10 10 0.125877 0 0
23.2 1 0 11.3401 10 10 -0.125877 0 0
23.3 0 0 8.67291 10 10 0.133331 0 0
23.3 1 0 11.3271 10 10 -0.133331 0 0
23.4 0 0 8.68664 10 10 0.141326 0 0
23.4 1 0 11.3134 10 10 -0.141326 0 0
23.5 0 0 8.7012 10 10 0.149944 0 0
23.5 1 0 11.2988 10 10 -0.149944 0 0
23.6 0 0 8.71666 10 10 0.159283 0 0
23.6 1 0 11.2833 10 10 -0.159283 0 0
23.7 0 0 8.7331 10 10 0.169466 0 0
23.7 1 0 11.2669 10 10 -0.169466 0 0
23.8 0 0 8.7506 10 10 0.180643 0 0
23.8 1 0 11.2494 10 10 -0.180643 0 0
23.9 0 0 8.76928 10 10 0.193003 0 0
23.9 1 0 11.2307 10 10 -0.193003 0 0
24 0 0 8.78926 10 10 0.206787 0 0
24 1 0 11.2107 10 10 -0.206787 0 0
24.1 0 0 8.81071 10 10 0.22231 0 0
24.1 1 0 11.1893 10 10 -0.22231 0 0
24.2 0 0 8.83381 10 10 0.239985 0 0
24.2 1 0 11.1662 10 10 -0.239985 0 0
24.3 0 0 8.85881 10 10 0.260375 0 0
24.3 1 0 11.1412 10 10 -0.260375 0 0
24.4 0 0 8.88602 10 10 0.284259 0 0
24.4 1 0 11.114 10 10 -0.284259 0 0
24.5 0 0 8.91585 10 10 0.31276 0 0
24.5 1 0 11.0842 10 10 -0.31276 0 0
24.6 0 0 8.94882 10 10 0.347549 0 0
24.6 1 0 11.0512 10 10 -0.347549 0 0
24.7 0 0 8.98569 10 10 0.391248 0 0
24.7 1 0 11.0143 10 10 -0.391248 0 0
24.8 0 0 9.02756 10 10 0.448211 0 0
24.8 1 0 10.9724 10 10 -0.448211 0 0
24.9 0 0 9.07609 10 10 0.526274 0 0
24.9 1 0 10.9239 10 10 -0.526274 0 0
25 0 0 9.13411 10 10 0.641112 0 0
25 1 0 10.8659 10 10 -0.641112 0 0
25.1 0 0 9.20685 10 10 0.829058 0 0
25.1 1 0 10.7932 10 10 -0.829058 0 0
25.2 0 0 9.30581 10 10 1.19115 0 0
25.2 1 0 10.6942 10 10 -1.19115 0 0
25.3 0 0 9.45563 10 10 1.69581 0 0
25.3 1 0 10.5444 10 10 -1.69581 0 0
25.4 0 0 9.4231 10 10 -1.70903 0 0
25.4 1 0 10.5769 10 10 1.70903 0 0
25.5 0 0 9.2841 10 10 -1.10436 0 0
25.5 1 0 10.7159 10 10 1.10436 0 0
25.6 0 0 9.19156 10 10 -0.786958 0 0
25.6 1 0 10.8084 10 10 0.786958 0 0
25.7 0 0 9.12221 10 10 -0.616642 0 0
25.7 1 0 10.8778 10 10 0.616642 0 0
25.8 0 0 9.06629 10 10 -0.510182 0 0
25.8 1 0 10.9337 10 10 0.510182 0 0
25.9 0 0 9.01918 10 10 -0.436737 0 0
25.9 1 0 10.9808 10 10 0.436737 0 0
26 0 0 8.97837 10 10 -0.382594 0 0
26 1 0 11.0216 10 10 0.382594 0 0
26.1 0 0 8.9423 10 10 -0.340748 0 0
26.1 1 0 11.0577 10 10 0.340748 0 0
26.2 0 0 8.90998 10 10 -0.307244 0 0
26.2 1 0 11.09 10 10 0.307244 0 0
26.3 0 0 8.88069 10 10 -0.279675 0 0
26.3 1 0 11.1193 10 10 0.279675 0 0
26.4 0 0 8.85392 10 10 -0.256488 0 0
26.4 1 0 11.1461 10 10 0.256488 0 0
26.5 0 0 8.8293 10 10 -0.236635 0 0
26.5 1 0 11.1707 10 10 0.236635 0 0
26.6 0 0 8.80653 10 10 -0.219382 0 0
26.6 1 0 11.1935 10 10 0.219382 0 0
26.7 0 0 8.78537 10 10 -0.204198 0 0
26.7 1 0 11.2146 10 10 0.204198 0 0
26.8 0 0 8.76565 10 10 -0.190689 0 0
26.8 1 0 11.2344 10 10 0.190689 0 0
26.9 0 0 8.7472 10 10 -0.178557 0 0
26.9 1 0 11.2528 10 10 0.178557 0 0
27 0 0 8.72991 10 10 -0.167572 0 0
27 1 0 11.2701 10 10 0.167572 0 0
27.1 0 0 8.71366 10 10 -0.15755 0 0
27.1 1 0 11.2863 10 10 0.15755 0 0
27.2 0 0 8.69838 10 10 -0.148348 0 0
27.2 1 0 11.3016 10 10 0.148348 0 0
27.3 0 0 8.68398 10 10 -0.139849 0 0
27.3 1 0 11.316 10 10 0.139849 0 0
27.4 0 0 8.6704 10 10 -0.131957 0 0
27.4 1 0 11.3296 10 10 0.131957 0 0
27.5 0 0 8.65758 10 10 -0.124592 0 0
27.5 1 0 11.3424 10 10 0.124592 0 0
27.6 0 0 8.64547 10 10 -0.117689 0 0
27.6 1 0 11.3545 10 10 0.117689 0 0
27.7 0 0 8.63403 10 10 -0.111192 0 0
27.7 1 0 11.366 10 10 0.111192 0 0
27.8 0 0 8.62323 10 10 -0.105053 0 0
27.8 1 0 11.3768 10 10 0.105053 0 0
27.9 0 0 8.61302 10 10 -0.0992329 0 0
27.9 1 0 11.387 10 10 0.0992329 0 0
28 0 0 8.60338 10 10 -0.0936961 0 0
28 1 0 11.3966 10 10 0.0936961 0 0
28.1 0 0 8.59428 10 10 -0.0884125 0 0
28.1 1 0 11.4057 10 10 0.0884125 0 0
28.2 0 0 8.58569 10 10 -0.0833558 0 0
28.2 1 0 11.4143 10 10 0.0833558 0 0
28.3 0 0 8.5776 10 10 -0.078503 0 0
28.3 1 0 11.4224 10 10 0.078503 0 0
28.4 0 0 8.56999 10 10 -0.0738336 0 0
28.4 1 0 11.43 10 10 0.0738336 0 0
28.5 0 0 8.56284 10 10 -0.0693294 0 0
28.5 1 0 11.4372 10 10 0.0693294 0 0
28.6 0 0 8.55612 10 10 -0.0649745 0 0
28.6 1 0 11.4439 10 10 0.0649745 0 0
28.7 0 0 8.54984 10 10 -0.0607543 0 0
28.7 1 0 11.4502 10 10 0.0607543 0 0
28.8 0 0 8.54397 10 10 -0.0566557 0 0
28.8 1 0 11.456 10 10 0.0566557 0 0
28.9 0 0 8.53851 10 10 -0.052667 0 0
28.9 1 0 11.4615 10 10 0.052667 0 0
29 0 0 8.53344 10 10 -0.0487775 0 0
29 1 0 11.4666 10 10 0.0487775 0 0
29.1 0 0 8.52876 10 10 -0.0449772 0 0
29.1 1 0 11.4712 10 10 0.0449772 0 0
29.2 0 0 8.52445 10 10 -0.0412573 0 0
29.2 1 0 11.4756 10 10 0.0412573 0 0
29.3 0 0 8.52051 10 10 -0.0376092 0 0
29.3 1 0 11.4795 10 10 0.0376092 0 0
29.4 0 0 8.51693 10 10 -0.0340254 0 0
29.4 1 0 11.4831 10 10 0.0340254 0 0
29.5 0 0 8.5137 10 10 -0.0304985 0 0
29.5 1 0 11.4863 10 10 0.0304985 0 0
29.6 0 0 8.51083 10 10 -0.0270219 0 0
29.6 1 0 11.4892 10 10 0.0270219 0 0
29.7 0 0 8.5083 10 10 -0.023589 0 0
29.7 1 0 11.4917 10 10 0.023589 0 0
29.8 0 0 8.50611 10 10 -0.0201938 0 0
29.8 1 0 11.4939 10 10 0.0201938 0 0
29.9 0 0 8.50426 10 10 -0.0168306 0 0
29.9 1 0 11.4957 10 10 0.0168306 0 0
30 0 0 8.50275 10 10 -0.0134936 0 0
30 1 0 11.4973 10 10 0.0134936 0 0
30.1 0 0 8.50157 10 10 -0.0101777 0 0
30.1 1 0 11.4984 10 10 0.0101777 0 0
30.2 0 0 8.50072 10 10 -0.00687736 0 0
30.2 1 0 11.4993 10 10 0.00687736 0 0
30.3 0 0 8.50019 10 10 -0.00358763 0 0
30.3 1 0 11.4998 10 10 0.00358763 0 0
30.4 0 0 8.5 10 10 -0.000303393 0 0
30.4 1 0 11.5 10 10 0.000303393 0 0
30.5 0 0 8.50014 10 10 0.00298038 0 0
30.5 1 0 11.4999 10 10 -0.00298038 0 0
30.6 0 0 8.5006 10 10 0.00626872 0 0
30.6 1 0 11.4994 10 10 -0.00626872 0 0
30.7 0 0 8.50139 10 10 0.00956667 0 0
30.7 1 0 11.4986 10 10 -0.00956667 0 0
30.8 0 0 8.50252 10 10 0.0128794 0 0
30.8 1 0 11.4975 10 10 -0.0128794 0 0
30.9 0 0 8.50397 10 10 0.016212 0 0
30.9 1 0 11.496 10 10 -0.016212 0 0
31 0 0 8.50576 10 10 0.01957 0 0
31 1 0 11.4942 10 10 -0.01957 0 0
31.1 0 0 8.50789 10 10 0.0229588 0 0
31.1 1 0 11.4921 10 10 -0.0229588 0 0
31.2 0 0 8.51036 10 10 0.0263843 0 0
31.2 1 0 11.4896 10 10 -0.0263843 0 0
31.3 0 0 8.51317 10 10 0.0298524 0 0
31.3 1 0 11.4868 10 10 -0.0298524 0 0
31.4 0 0 8.51634 10 10 0.0333695 0 0
31.4 1 0 11.4837 10 10 -0.0333695 0 0
31.5 0 0 8.51985 10 10 0.0369423 0 0
31.5 1 0 11.4801 10 10 -0.0369423 0 0
31.6 0 0 8.52373 10 10 0.0405779 0 0
31.6 1 0 11.4763 10 10 -0.0405779 0 0
31.7 0 0 8.52797 10 10 0.0442839 0 0
31.7 1 0 11.472 10 10 -0.0442839 0 0
31.8 0 0 8.53259 10 10 0.0480687 0 0
31.8 1 0 11.4674 10 10 -0.0480687 0 0
31.9 0 0 8.5376 10 10 0.051941 0 0
31.9 1 0 11.4624 10 10 -0.051941 0 0
32 0 0 8.54299 10 10 0.0559106 0 0
32 1 0 11.457 10 10 -0.0559106 0 0
32.1 0 0 8.54879 10 10 0.059988 0 0
32.1 1 0 11.4512 10 10 -0.059988 0 0
32.2 0 0 8.55499 10 10 0.0641848 0 0
32.2 1 0 11.445 10 10 -0.0641848 0 0
32.3 0 0 8.56163 10 10 0.0685138 0 0
32.3 1 0 11.4384 10 10 -0.0685138 0 0
32.4 0 0 8.56871 10 10 0.0729892 0 0
32.4 1 0 11.4313 10 10 -0.0729892 0 0
32.5 0 0 8.57624 10 10 0.0776267 0 0
32.5 1 0 11.4238 10 10 -0.0776267 0 0
32.6 0 0 8.58424 10 10 0.0824442 0 0
32.6 1 0 11.4158 10 10 -0.0824442 0 0
32.7 0 0 8.59274 10 10 0.0874616 0 0
32.7 1 0 11.4073 10 10 -0.0874616 0 0
32.8 0 0 8.60175 10 10 0.0927013 0 0
32.8 1 0 11.3983 10 10 -0.0927013 0 0
32.9 0 0 8.61129 10 10 0.0981892 0 0
32.9 1 0 11.3887 10 10 -0.0981892 0 0
33 0 0 8.6214 10 10 0.103955 0 0
33 1 0 11.3786 10 10 -0.103955 0 0
33.1 0 0 8.6321 10 10 0.110031 0 0
33.1 1 0 11.3679 10 10 -0.110031 0 0
33.2 0 0 8.64342 10 10 0.116459 0 0
33.2 1 0 11.3566 10 10 -0.116459 0 0
33.3 0 0 8.65541 10 10 0.123283 0 0
33.3 1 0 11.3446 10 10 -0.123283 0 0
33.4 0 0 8.6681 10 10 0.130558 0 0
33.4 1 0 11.3319 10 10 -0.130558 0 0
33.5 0 0 8.68155 10 10 0.138347 0 0
33.5 1 0 11.3185 10 10 -0.138347 0 0
33.6 0 0 8.6958 10 10 0.146728 0 0
33.6 1 0 11.3042 10 10 -0.146728 0 0
33.7 0 0 8.71093 10 10 0.155792 0 0
33.7 1 0 11.2891 10 10 -0.155792 0 0
33.8 0 0 8.727 10 10 0.165652 0 0
33.8 1 0 11.273 10 10 -0.165652 0 0
33.9 0 0 8.7441 10 10 0.176447 0 0
33.9 1 0 11.2559 10 10 -0.176447 0 0
34 0 0 8.76233 10 10 0.188351 0 0
34 1 0 11.2377 10 10 -0.188351 0 0
34.1 0 0 8.78182 10 10 0.201585 0 0
34.1 1 0 11.2182 10 10 -0.201585 0 0
34.2 0 0 8.80272 10 10 0.216433 0 0
34.2 1 0 11.1973 10 10 -0.216433 0 0
34.3 0 0 8.82519 10 10 0.233268 0 0
34.3 1 0 11.1748 10 10 -0.233268 0 0
34.4 0 0 8.84947 10 10 0.252593 0 0
34.4 1 0 11.1505 10 10 -0.252593 0 0
34.5 0 0 8.87584 10 10 0.275096 0 0
34.5 1 0 11.1242 10 10 -0.275096 0 0
34.6 0 0 8.90465 10 10 0.301757 0 0
34.6 1 0 11.0953 10 10 -0.301757 0 0
34.7 0 0 8.9364 10 10 0.334014 0 0
34.7 1 0 11.0636 10 10 -0.334014 0 0
34.8 0 0 8.97175 10 10 0.37408 0 0
34.8 1 0 11.0282 10 10 -0.37408 0 0
34.9 0 0 9.01164 10 10 0.425545 0 0
34.9 1 0 10.9884 10 10 -0.425545 0 0
35 0 0 9.0575 10 10 0.494668 0 0
35 1 0 10.9425 10 10 -0.494668 0 0
35.1 0 0 9.11164 10 10 0.593451 0 0
35.1 1 0 10.8884 10 10 -0.593451 0 0
35.2 0 0 9.17814 10 10 0.748112 0 0
35.2 1 0 10.8219 10 10 -0.748112 0 0
35.3 0 0 9.26548 10 10 1.027 0 0
35.3 1 0 10.7345 10 10 -1.027 0 0
35.4 0 0 9.39408 10 10 1.60157 0 0
35.4 1 0 10.6059 10 10 -1.60157 0 0
35.5 0 0 9.48281 10 10 -1.31694 0 0
35.5 1 0 10.5172 10 10 1.31694 0 0
35.6 0 0 9.32751 10 10 -1.29462 0 0
35.6 1 0 10.6725 10 10 1.29462 0 0
35.7 0 0 9.22176 10 10 -0.877836 0 0
35.7 1 0 10.7782 10 10 0.877836 0 0
35.8 0 0 9.14556 10 10 -0.668652 0 0
35.8 1 0 10.8544 10 10 0.668652 0 0
35.9 0 0 9.08545 10 10 -0.54405 0 0
35.9 1 0 10.9146 10 10 0.54405 0 0
36 0 0 9.0355 10 10 -0.460728 0 0
36 1 0 10.9645 10 10 0.460728 0 0
36.1 0 0 8.99261 10 10 -0.400606 0 0
36.1 1 0 11.0074 10 10 0.400606 0 0
36.2 0 0 8.95496 10 10 -0.354855 0 0
36.2 1 0 11.045 10 10 0.354855 0 0
36.3 0 0 8.92136 10 10 -0.318654 0 0
36.3 1 0 11.0786 10 10 0.318654 0 0
36.4 0 0 8.89104 10 10 -0.289138 0 0
36.4 1 0 11.109 10 10 0.289138 0 0
36.5 0 0 8.8634 10 10 -0.264498 0 0
36.5 1 0 11.1366 10 10 0.264498 0 0
36.6 0 0 8.83804 10 10 -0.24353 0 0
36.6 1 0 11.162 10 10 0.24353 0 0
36.7 0 0 8.81462 10 10 -0.2254 0 0
36.7 1 0 11.1854 10 10 0.2254 0 0
36.8 0 0 8.7929 10 10 -0.209515 0 0
36.8 1 0 11.2071 10 10 0.209515 0 0
36.9 0 0 8.77267 10 10 -0.195435 0 0
36.9 1 0 11.2273 10 10 0.195435 0 0
37 0 0 8.75378 10 10 -0.182831 0 0
37 1 0 11.2462 10 10 0.182831 0 0
37.1 0 0 8.73608 10 10 -0.171452 0 0
37.1 1 0 11.2639 10 10 0.171452 0 0
37.2 0 0 8.71946 10 10 -0.161097 0 0
37.2 1 0 11.2805 10 10 0.161097 0 0
37.3 0 0 8.70384 10 10 -0.151612 0 0
37.3 1 0 11.2962 10 10 0.151612 0 0
37.4 0 0 8.68913 10 10 -0.142869 0 0
37.4 1 0 11.3109 10 10 0.142869 0 0
37.5 0 0 8.67525 10 10 -0.134766 0 0
37.5 1 0 11.3247 10 10 0.134766 0 0
37.6 0 0 8.66216 10 10 -0.127217 0 0
37.6 1 0 11.3378 10 10 0.127217 0 0
37.7 0 0 8.6498 10 10 -0.120153 0 0
37.7 1 0 11.3502 10 10 0.120153 0 0
37.8 0 0 8.63812 10 10 -0.113514 0 0
37.8 1 0 11.3619 10 10 0.113514 0 0
37.9 0 0 8.62709 10 10 -0.10725 0 0
37.9 1 0 11.3729 10 10 0.10725 0 0
38 0 0 8.61667 10 10 -0.101318 0 0
38 1 0 11.3833 10 10 0.101318 0 0
38.1 0 0 8.60682 10 10 -0.0956814 0 0
38.1 1 0 11.3932 10 10 0.0956814 0 0
38.2 0 0 8.59753 10 10 -0.0903088 0 0
38.2 1 0 11.4025 10 10 0.0903088 0 0
38.3 0 0 8.58876 10 10 -0.0851724 0 0
38.3 1 0 11.4112 10 10 0.0851724 0 0
38.4 0 0 8.58049 10 10 -0.0802478 0 0
38.4 1 0 11.4195 10 10 0.0802478 0 0
38.5 0 0 8.57271 10 10 -0.0755138 0 0
38.5 1 0 11.4273 10 10 0.0755138 0 0
38.6 0 0 8.56539 10 10 -0.0709515 0 0
38.6 1 0 11.4346 10 10 0.0709515 0 0
38.7 0 0 8.55852 10 10 -0.066544 0 0
38.7 1 0 11.4415 10 10 0.066544 0 0
38.8 0 0 8.55208 10 10 -0.0622763 0 0
38.8 1 0 11.4479 10 10 0.0622763 0 0
38.9 0 0 8.54606 10 10 -0.0581348 0 0
38.9 1 0 11.4539 10 10 0.0581348 0 0
39 0 0 8.54045 10 10 -0.0541075 0 0
39 1 0 11.4595 10 10 0.0541075 0 0
39.1 0 0 8.53524 10 10 -0.050183 0 0
39.1 1 0 11.4648 10 10 0.050183 0 0
39.2 0 0 8.53042 10 10 -0.0463513 0 0
39.2 1 0 11.4696 10 10 0.0463513 0 0
39.3 0 0 8.52597 10 10 -0.0426031 0 0
39.3 1 0 11.474 10 10 0.0426031 0 0
39.4 0 0 8.5219 10 10 -0.0389298 0 0
39.4 1 0 11.4781 10 10 0.0389298 0 0
39.5 0 0 8.51819 10 10 -0.0353234 0 0
39.5 1 0 11.4818 10 10 0.0353234 0 0
39.6 0 0 8.51483 10 10 -0.0317766 0 0
39.6 1 0 11.4852 10 10 0.0317766 0 0
39.7 0 0 8.51183 10 10 -0.0282825 0 0
39.7 1 0 11.4882 10 10 0.0282825 0 0
39.8 0 0 8.50918 10 10 -0.0248344 0 0
39.8 1 0 11.4908 10 10 0.0248344 0 0
39.9 0 0 8.50687 10 10 -0.0214261 0 0
39.9 1 0 11.4931 10 10 0.0214261 0 0
